0 1
1 2
2 3
3 7
4 15
5 27
6 29
7 31
8 41
9 62
10 71
11 78
12 79
13 85
14 89
15 90
16 93
17 94
18 102
19 111
20 122
21 123
22 129
23 142
24 147
25 166
26 185
27 197
28 202
29 208
30 236
31 237
32 239
33 270
34 286
35 290
36 296
37 304
38 312
39 317
40 335
41 339
42 341
43 356
44 361
45 363
46 384
47 389
48 391
49 408
50 409
51 426
52 427
53 437
54 463
55 466
56 478
57 535
58 541
59 542
60 560
61 575
62 615
63 629
64 630
65 634
66 651
67 661
68 679
69 704
70 721
71 728
72 756
73 783
74 799
75 810
76 814
77 850
78 862
79 879
80 893
81 916
82 917
83 925
84 937
85 961
86 1008
87 1039
88 1048
89 1060
90 1061
91 1074
92 1075
93 1102
94 1128
95 1135
96 1143
97 1165
98 1193
99 1203
100 1216
101 1220
102 1263
103 1289
104 1292
105 1294
106 1302
107 1307
108 1336
109 1354
110 1361
111 1368
112 1372
113 1386
114 1402
115 1405
116 1410
117 1417
118 1430
119 1442
120 1479
121 1486
122 1493
123 1507
124 1513
125 1523
126 1528
127 1530
128 1544
129 1557
130 1566
131 1572
132 1599
133 1601
134 1663
135 1673
136 1683
137 1686
138 1690
139 1706
140 1775
141 1779
142 1801
143 1822
144 1836
145 1876
146 1888
147 1894
148 1907
149 1915
150 1949
151 1957
152 1984
153 2029
154 2032
155 2041
156 2045
157 2051
158 2059
159 2072
160 2095
161 2111
162 2131
163 2152
164 2166
165 2175
166 2178
167 2187
168 2206
169 2228
170 2229
171 2239
172 2254
173 2269
174 2328
175 2347
176 2355
177 2363
178 2392
179 2398
180 2409
181 2415
182 2425
183 2430
184 2447
185 2455
186 2490
187 2501
188 2554
189 2596
190 2597
191 2615
192 2625
193 2630
194 2644
195 2658
196 2670
197 2672
198 2690
199 2721
200 2725
201 2743
202 2767
203 2824
204 2900
205 2916
206 2928
207 2964
208 3009
209 3014
210 3038
211 3081
212 3158
213 3168
214 3182
215 3264
216 3282
217 3315
218 3333
219 3334
220 3357
221 3390
222 3436
223 3468
224 3495
225 3496
226 3503
227 3526
228 3534
229 3612
230 3618
231 3645
232 3718
233 3759
234 3767
235 3769
236 3777
237 3798
238 3799
239 3824
240 3833
241 3863
242 3903
243 3906
244 3922
245 3933
246 3957
247 3986
248 4005
249 4010
250 4031
251 4034
252 4047
253 4049
254 4071
255 4076
256 4094
257 4102
258 4116
259 4156
260 4172
261 4199
262 4200
263 4212
264 4234
265 4238
266 4243
267 4256
268 4284
269 4289
270 4299
271 4313
272 4334
273 4384
274 4407
275 4428
276 4445
277 4449
278 4470
279 4519
280 4586
281 4637
282 4731
283 4761
284 4784
285 4789
286 4799
287 4821
288 4831
289 4935
290 4959
291 4990
292 5005
293 5027
294 5029
295 5031
296 5066
297 5118
298 5190
299 5192
300 5194
301 5217
302 5224
303 5235
304 5265
305 5282
306 5304
307 5419
308 5535
309 5614
310 5669
311 5670
312 5682
313 5702
314 5721
315 5773
316 5792
317 5824
318 5839
319 5846
320 5851
321 5888
322 5899
323 5905
324 5963
325 5994
326 6026
327 6052
328 6108
329 6147
330 6157
331 6197
332 6202
333 6220
334 6256
335 6271
336 6300
337 6302
338 6312
339 6329
340 6370
341 6400
342 6438
343 6446
344 6450
345 6461
346 6464
347 6476
348 6488
349 6505
350 6518
351 6524
352 6561
353 6581
354 6584
355 6588
356 6650
357 6682
358 6686
359 6687
360 6720
361 6721
362 6750
363 6754
364 6782
365 6827
366 6898
367 6904
368 6906
369 6908
370 6912
371 6946
372 6959
373 7008
374 7041
375 7043
376 7053
377 7060
378 7073
379 7149
380 7158
381 7172
382 7184
383 7202
384 7218
385 7231
386 7232
387 7250
388 7251
389 7292
390 7322
391 7437
392 7441
393 7454
394 7470
395 7479
396 7487
397 7654
398 7657
399 7663
400 7668
401 7680
402 7713
403 7738
404 7777
405 7839
406 7843
407 7856
408 7905
409 7907
410 7915
411 7936
412 7981
413 7993
414 8034
415 8049
416 8062
417 8074
418 8149
419 8151
420 8156
421 8221
422 8227
423 8248
424 8256
425 8282
426 8295
427 8314
428 8373
429 8420
430 8502
431 8522
432 8589
433 8599
434 8602
435 8622
436 8626
437 8636
438 8663
439 8673
440 8686
441 8715
442 8741
443 8850
444 8891
445 8895
446 8904
447 8914
448 8922
449 8923
450 8926
451 8947
452 8954
453 8981
454 8983
455 9052
456 9059
457 9098
458 9106
459 9111
460 9183
461 9221
462 9255
463 9296
464 9300
465 9302
466 9314
467 9325
468 9349
469 9415
470 9421
471 9482
472 9574
473 9615
474 9616
475 9621
476 9665
477 9683
478 9686
479 9708
480 9720
481 9727
482 9751
483 9773
484 9800
485 9814
486 9842
487 9876
488 9899
489 9969
490 10039
491 10052
492 10055
493 10089
494 10161
495 10184
496 10230
497 10262
498 10308
499 10311
500 10362
501 10410
502 10420
503 10433
504 10463
505 10464
506 10470
507 10525
508 10565
509 10572
510 10582
511 10606
512 10615
513 10635
514 10674
515 10690
516 10695
517 10701
518 10710
519 10756
520 10759
521 10773
522 10827
523 10829
524 10863
525 10956
526 10989
527 11003
528 11017
529 11039
530 11050
531 11054
532 11067
533 11241
534 11264
535 11321
536 11340
537 11398
538 11419
539 11449
540 11453
541 11500
542 11506
543 11527
544 11542
545 11562
546 11608
547 11646
548 11675
549 11707
550 11782
551 11799
552 11800
553 11803
554 11806
555 11820
556 11871
557 11878
558 11881
559 11882
560 11905
561 11940
562 11957
563 11986
564 12012
565 12046
566 12089
567 12094
568 12116
569 12154
570 12169
571 12183
572 12191
573 12200
574 12208
575 12286
576 12307
577 12309
578 12322
579 12331
580 12341
581 12358
582 12361
583 12404
584 12408
585 12435
586 12444
587 12462
588 12520
589 12541
590 12602
591 12611
592 12634
593 12657
594 12664
595 12736
596 12744
597 12760
598 12785
599 12805
600 12806
601 12841
602 12973
603 12983
604 13043
605 13060
606 13157
607 13237
608 13245
609 13263
610 13282
611 13289
612 13354
613 13374
614 13388
615 13400
616 13426
617 13451
618 13474
619 13480
620 13571
621 13579
622 13581
623 13624
624 13654
625 13714
626 13757
627 13767
628 13851
629 13861
630 13980
631 13989
632 14028
633 14070
634 14072
635 14074
636 14082
637 14140
638 14165
639 14175
640 14182
641 14185
642 14235
643 14241
644 14276
645 14346
646 14377
647 14436
648 14481
649 14565
650 14571
651 14609
652 14622
653 14639
654 14700
655 14800
656 14875
657 14881
658 14906
659 14939
660 14968
661 14973
662 14993
663 15002
664 15055
665 15083
666 15088
667 15098
668 15102
669 15135
670 15206
671 15231
672 15249
673 15366
674 15385
675 15516
676 15517
677 15587
678 15631
679 15640
680 15642
681 15666
682 15738
683 15742
684 15762
685 15791
686 15809
687 15841
688 15855
689 15858
690 15960
691 15963
692 15981
693 16018
694 16048
695 16091
696 16098
697 16114
698 16225
699 16231
700 16386
701 16390
702 16474
703 16561
704 16596
705 16676
706 16678
707 16681
708 16698
709 16711
710 16814
711 16850
712 17076
713 17087
714 17109
715 17141
716 17169
717 17170
718 17200
719 17227
720 17259
721 17362
722 17422
723 17551
724 17587
725 17592
726 17628
727 17676
728 17728
729 17741
730 17893
731 17989
732 18070
733 18088
734 18115
735 18174
736 18228
737 18255
738 18280
739 18405
740 18443
741 18446
742 18519
743 18527
744 18539
745 18563
746 18623
747 18632
748 18670
749 18793
750 18795
751 18812
752 18853
753 18889
754 19043
755 19083
756 19195
757 19295
758 19302
759 19323
760 19330
761 19361
762 19378
763 19405
764 19636
765 19642
766 19690
767 19731
768 19747
769 19770
770 19775
771 19802
772 19813
773 19816
774 19852
775 19860
776 19886
777 20003
778 20034
779 20071
780 20123
781 20157
782 20201
783 20259
784 20331
785 20333
786 20371
787 20401
788 20430
789 20437
790 20460
791 20477
792 20480
793 20604
794 20619
795 20643
796 20670
797 20675
798 20713
799 20726
800 20797
801 20802
802 20813
803 20825
804 20832
805 20850
806 20919
807 20947
808 20954
809 20962
810 21017
811 21100
812 21276
813 21301
814 21319
815 21336
816 21405
817 21595
818 21669
819 21677
820 21678
821 21753
822 21814
823 21830
824 21866
825 21877
826 21882
827 21903
828 21933
829 21942
830 21955
831 22010
832 22018
833 22030
834 22075
835 22116
836 22151
837 22201
838 22204
839 22249
840 22306
841 22357
842 22377
843 22409
844 22542
845 22559
846 22577
847 22578
848 22618
849 22665
850 22722
851 22792
852 22795
853 22842
854 22876
855 22916
856 22923
857 22967
858 23083
859 23100
860 23104
861 23154
862 23197
863 23295
864 23358
865 23399
866 23441
867 23469
868 23515
869 23523
870 23542
871 23588
872 23605
873 23615
874 23647
875 23676
876 23681
877 23725
878 23767
879 23797
880 23813
881 23876
882 23879
883 24001
884 24110
885 24192
886 24263
887 24280
888 24309
889 24312
890 24314
891 24367
892 24425
893 24463
894 24580
895 24588
896 24668
897 24771
898 24796
899 24800
900 24852
901 24859
902 24869
903 24881
904 24912
905 24923
906 24934
907 25038
908 25070
909 25076
910 25082
911 25131
912 25140
913 25145
914 25181
915 25215
916 25264
917 25278
918 25324
919 25369
920 25403
921 25407
922 25451
923 25498
924 25509
925 25524
926 25539
927 25564
928 25591
929 25657
930 25685
931 25698
932 25708
933 25759
934 25779
935 25796
936 25806
937 25883
938 25924
939 25968
940 25978
941 25982
942 26007
943 26061
944 26139
945 26153
946 26177
947 26182
948 26257
949 26271
950 26274
951 26317
952 26364
953 26372
954 26408
955 26451
956 26454
957 26499
958 26507
959 26515
960 26574
961 26605
962 26636
963 26674
964 26692
965 26720
966 26739
967 26742
968 26748
969 26764
970 26780
971 26798
972 26906
973 26983
974 27048
975 27096
976 27138
977 27176
978 27179
979 27195
980 27268
981 27332
982 27375
983 27402
984 27473
985 27479
986 27520
987 27643
988 27681
989 27746
990 27773
991 27794
992 27830
993 27837
994 27847
995 27849
996 27866
997 27909
998 27939
999 28093
1000 28111
1001 28118
1002 28174
1003 28312
1004 28350
1005 28407
1006 28488
1007 28505
1008 28535
1009 28568
1010 28573
1011 28583
1012 28656
1013 28720
1014 28747
1015 28783
1016 28816
1017 28895
1018 28912
1019 28931
1020 28971
1021 28982
1022 29007
1023 29016
1024 29082
1025 29177
1026 29235
1027 29311
1028 29355
1029 29363
1030 29427
1031 29443
1032 29504
1033 29561
1034 29583
1035 29624
1036 29696
1037 29727
1038 29737
1039 29779
1040 29785
1041 29837
1042 29877
1043 29902
1044 29955
1045 30037
1046 30097
1047 30198
1048 30229
1049 30242
1050 30267
1051 30268
1052 30308
1053 30338
1054 30341
1055 30343
1056 30356
1057 30366
1058 30446
1059 30448
1060 30470
1061 30501
1062 30555
1063 30574
1064 30587
1065 30597
1066 30652
1067 30732
1068 30735
1069 30835
1070 30863
1071 30910
1072 30922
1073 30946
1074 30973
1075 31019
1076 31068
1077 31071
1078 31105
1079 31131
1080 31175
1081 31199
1082 31201
1083 31247
1084 31254
1085 31273
1086 31326
1087 31395
1088 31429
1089 31449
1090 31482
1091 31504
1092 31514
1093 31635
1094 31672
1095 31740
1096 31764
1097 31852
1098 31872
1099 31894
1100 31909
1101 31924
1102 31997
1103 32011
1104 32088
1105 32251
1106 32269
1107 32278
1108 32296
1109 32311
1110 32368
1111 32391
1112 32422
1113 32427
1114 32481
1115 32484
1116 32544
1117 32685
1118 32691
1119 32699
1120 32738
1121 32818
1122 32830
1123 32848
1124 32859
1125 32882
1126 32948
1127 32976
1128 33009
1129 33240
1130 33273
1131 33326
1132 33330
1133 33333
1134 33470
1135 33542
1136 33547
1137 33565
1138 33578
1139 33620
1140 33621
1141 33760
1142 33892
1143 33972
1144 34001
1145 34015
1146 34049
1147 34084
1148 34113
1149 34115
1150 34147
1151 34178
1152 34179
1153 34203
1154 34241
1155 34312
1156 34352
1157 34395
1158 34407
1159 34516
1160 34522
1161 34544
1162 34573
1163 34632
1164 34644
1165 34733
1166 34834
1167 34874
1168 34947
1169 34993
1170 35034
1171 35090
1172 35139
1173 35156
1174 35177
1175 35306
1176 35328
1177 35606
1178 35674
1179 35691
1180 35758
1181 35843
1182 35987
1183 36055
1184 36071
1185 36092
1186 36114
1187 36167
1188 36286
1189 36288
1190 36295
1191 36384
1192 37543
1193 37641
1194 37644
1195 37662
1196 37756
1197 37772
1198 37881
1199 37904
1200 37912
1201 37919
1202 37998
1203 38005
1204 38021
1205 38033
1206 38077
1207 38121
1208 38151
1209 38286
1210 38343
1211 38348
1212 38404
1213 38424
1214 38608
1215 38761
1216 38800
1217 38823
1218 38864
1219 38865
1220 38949
1221 39087
1222 39090
1223 39100
1224 39124
1225 39128
1226 39165
1227 39193
1228 39205
1229 39215
1230 39253
1231 39347
1232 39442
1233 39467
1234 39476
1235 39497
1236 39542
1237 39590
1238 39595
1239 39602
1240 39677
1241 39706
1242 39732
1243 40843
1244 40886
1245 40894
1246 40907
1247 40949
1248 40960
1249 40965
1250 40983
1251 40999
1252 41030
1253 41065
1254 41138
1255 41180
1256 41199
1257 41254
1258 41265
1259 41272
1260 41352
1261 41373
1262 41399
1263 41444
1264 41476
1265 41512
1266 41518
1267 41544
1268 41624
1269 41662
1270 41680
1271 41735
1272 41738
1273 41770
1274 41779
1275 41816
1276 41858
1277 41880
1278 41903
1279 41961
1280 43060
1281 43068
1282 43069
1283 43175
1284 43195
1285 43232
1286 43238
1287 43293
1288 43361
1289 43406
1290 43573
1291 43630
1292 43711
1293 43714
1294 43722
1295 43768
1296 43782
1297 43813
1298 43827
1299 43833
1300 43853
1301 43859
1302 43876
1303 43953
1304 43969
1305 43971
1306 44017
1307 44087
1308 44139
1309 44196
1310 44232
1311 44247
1312 44265
1313 44284
1314 44323
1315 44576
1316 44601
1317 44628
1318 44640
1319 44685
1320 44712
1321 44722
1322 44934
1323 44947
1324 44990
1325 45245
1326 45248
1327 45270
1328 45275
1329 45281
1330 45349
1331 45448
1332 45514
1333 45578
1334 45598
1335 45626
1336 45644
1337 45653
1338 45707
1339 45759
1340 45767
1341 45838
1342 45898
1343 45930
1344 45963
1345 45998
1346 46020
1347 46110
1348 46112
1349 46157
1350 46227
1351 46240
1352 46249
1353 46267
1354 46272
1355 46292
1356 46318
1357 46324
1358 46332
1359 46353
1360 46380
1361 46520
1362 46540
1363 46573
1364 46601
1365 46643
1366 46743
1367 46767
1368 46788
1369 46801
1370 46838
1371 46893
1372 46929
1373 47084
1374 47105
1375 47122
1376 47178
1377 47224
1378 47252
1379 47368
1380 47477
1381 47527
1382 47754
1383 47783
1384 47805
1385 47847
1386 47859
1387 47901
1388 47934
1389 47951
1390 48019
1391 48116
1392 48275
1393 48284
1394 48375
1395 48392
1396 48399
1397 48497
1398 48589
1399 48615
1400 48672
1401 49745
1402 49826
1403 49839
1404 49853
1405 49936
1406 50106
1407 50142
1408 50156
1409 50160
1410 51178
1411 51220
1412 51522
1413 51556
1414 51603
1415 51631
1416 51791
1417 51800
1418 51875
1419 51908
1420 52001
1421 52012
1422 52048
1423 52071
1424 52176
1425 52249
1426 52273
1427 52417
1428 52432
1429 52452
1430 52527
1431 52907
1432 52943
1433 53005
1434 53012
1435 53230
1436 53306
1437 53318
1438 53334
1439 53338
1440 53482
1441 53530
1442 53558
1443 53587
1444 53648
1445 53731
1446 53802
1447 53913
1448 54010
1449 54162
1450 54184
1451 54323
1452 54392
1453 54422
1454 54431
1455 54493
1456 54534
1457 54615
1458 54674
1459 54717
1460 54814
1461 54896
1462 54907
1463 54912
1464 54950
1465 54975
1466 54979
1467 54995
1468 55063
1469 55143
1470 55204
1471 55258
1472 55444
1473 55487
1474 55598
1475 55660
1476 55663
1477 55751
1478 55768
1479 55833
1480 56024
1481 56062
1482 56144
1483 56170
1484 56202
1485 56245
1486 56296
1487 56388
1488 56496
1489 56598
1490 56833
1491 56892
1492 56956
1493 57030
1494 57057
1495 57170
1496 57228
1497 57299
1498 57313
1499 57383
1500 57390
1501 57397
1502 57413
1503 57451
1504 57515
1505 57561
1506 57799
1507 57871
1508 57901
1509 58018
1510 58046
1511 58069
1512 58136
1513 58185
1514 59221
1515 59247
1516 59316
1517 59327
1518 59333
1519 59359
1520 59469
1521 59502
1522 59513
1523 59514
1524 59568
1525 59579
1526 59710
1527 59782
1528 59831
1529 59859
1530 59921
1531 59929
1532 59945
1533 59978
1534 60020
1535 60060
1536 60095
1537 60170
1538 60202
1539 60226
1540 60299
1541 60315
1542 60409
1543 60422
1544 60515
1545 60519
1546 60662
1547 60681
1548 60690
1549 60706
1550 60746
1551 60758
1552 60763
1553 60830
1554 60848
1555 60860
1556 61139
1557 61165
1558 61174
1559 61196
1560 61280
1561 61333
1562 61397
1563 61422
1564 61445
1565 61455
1566 61498
1567 61536
1568 61569
1569 61579
1570 61679
1571 61699
1572 61796
1573 61810
1574 61899
1575 61918
1576 62008
1577 62056
1578 62117
1579 62151
1580 62177
1581 62343
1582 62513
1583 62664
1584 62669
1585 62803
1586 62888
1587 62980
1588 63045
1589 63070
1590 63163
1591 63164
1592 63253
1593 63256
1594 63278
1595 63328
1596 63383
1597 63394
1598 63426
1599 63558
1600 63660
1601 63987
1602 64027
1603 64072
1604 64086
1605 64120
1606 64124
1607 64232
1608 64240
1609 64452
1610 64555
1611 64562
1612 64673
1613 64703
1614 64707
1615 64862
1616 64869
1617 64949
1618 65029
1619 65068
1620 65084
1621 65141
1622 65208
1623 65229
1624 65237
1625 65339
1626 65410
1627 65518
1628 65524
1629 65549
1630 65608
1631 65647
1632 65651
1633 65672
1634 65688
1635 65711
1636 65751
1637 65784
1638 65794
1639 65812
1640 65825
1641 65857
1642 66057
1643 66092
1644 66169
1645 66234
1646 66249
1647 66268
1648 66276
1649 66350
1650 66498
1651 66521
1652 66531
1653 66614
1654 66770
1655 66773
1656 66818
1657 66834
1658 66851
1659 66941
1660 67158
1661 67181
1662 67211
1663 67350
1664 67432
1665 67609
1666 67616
1667 67755
1668 67756
1669 67774
1670 67804
1671 67826
1672 67957
1673 67983
1674 68020
1675 68025
1676 68108
1677 68302
1678 68381
1679 68398
1680 68530
1681 68556
1682 68599
1683 68721
1684 68728
1685 68829
1686 68841
1687 68961
1688 69013
1689 69080
1690 69133
1691 69134
1692 69178
1693 69289
1694 69448
1695 69510
1696 69550
1697 69559
1698 69667
1699 69828
1700 69936
1701 69949
1702 69997
1703 70035
1704 70047
1705 70050
1706 70060
1707 70318
1708 70376
1709 70452
1710 70484
1711 70496
1712 70541
1713 70562
1714 70601
1715 70604
1716 70651
1717 70728
1718 70751
1719 70823
1720 70855
1721 70882
1722 70887
1723 70897
1724 70919
1725 70921
1726 70979
1727 70993
1728 71017
1729 71069
1730 71119
1731 71120
1732 71184
1733 71263
1734 71292
1735 71432
1736 71455
1737 71503
1738 71509
1739 71582
1740 71611
1741 71620
1742 71661
1743 71706
1744 71763
1745 71788
1746 71823
1747 71949
1748 71987
1749 71994
1750 72119
1751 72174
1752 72315
1753 72421
1754 72636
1755 72664
1756 72686
1757 72689
1758 72824
1759 72874
1760 73094
1761 73225
1762 73262
1763 73279
1764 73373
1765 73403
1766 73422
1767 73466
1768 73515
1769 73532
1770 73564
1771 73626
1772 73654
1773 73692
1774 73713
1775 73745
1776 73766
1777 73769
1778 73803
1779 73867
1780 73942
1781 73959
1782 73961
1783 73962
1784 74051
1785 74185
1786 74324
1787 74456
1788 74569
1789 74625
1790 74666
1791 74780
1792 74892
1793 75032
1794 75222
1795 75229
1796 75349
1797 75363
1798 75465
1799 75471
1800 75557
1801 75576
1802 75605
1803 75619
1804 75753
1805 75911
1806 75945
1807 76096
1808 76162
1809 76299
1810 76366
1811 76770
1812 76835
1813 76939
1814 76978
1815 77038
1816 77053
1817 77368
1818 77373
1819 77384
1820 77410
1821 77495
1822 77558
1823 77606
1824 77641
1825 77894
1826 77976
1827 78112
1828 78118
1829 78222
1830 78392
1831 78414
1832 78419
1833 78442
1834 78519
1835 78552
1836 78586
1837 78624
1838 78643
1839 78684
1840 78730
1841 78846
1842 79013
1843 79101
1844 79146
1845 79331
1846 79355
1847 79392
1848 79426
1849 79733
1850 79787
1851 79860
1852 79878
1853 80028
1854 80043
1855 80159
1856 80166
1857 80181
1858 80221
1859 80226
1860 80256
1861 80365
1862 80390
1863 80434
1864 80471
1865 80707
1866 80760
1867 80775
1868 80807
1869 80932
1870 80995
1871 81029
1872 81041
1873 81056
1874 81105
1875 81221
1876 81303
1877 81414
1878 81464
1879 81656
1880 81704
1881 81754
1882 81933
1883 82044
1884 82243
1885 82359
1886 82429
1887 82678
1888 82874
1889 82973
1890 83105
1891 83141
1892 83190
1893 83303
1894 83307
1895 83393
1896 83457
1897 83488
1898 83699
1899 83743
1900 83781
1901 83880
1902 86141
1903 86233
1904 86534
1905 86593
1906 86688
1907 86726
1908 86774
1909 86920
1910 86926
1911 87065
1912 87107
1913 87213
1914 87332
1915 87342
1916 87346
1917 87534
1918 87560
1919 87731
1920 87751
1921 87796
1922 87817
1923 87874
1924 87984
1925 87986
1926 88059
1927 88145
1928 88199
1929 88322
1930 88428
1931 88486
1932 88504
1933 88572
1934 88679
1935 88724
1936 88749
1937 88819
1938 88826
1939 88925
1940 88935
1941 89002
1942 89035
1943 89072
1944 89075
1945 89077
1946 89098
1947 89173
1948 89477
1949 89518
1950 89570
1951 89618
1952 89659
1953 89690
1954 89792
1955 89804
1956 90224
1957 90242
1958 90257
1959 90338
1960 90398
1961 90418
1962 90533
1963 90556
1964 90592
1965 90646
1966 90804
1967 90830
1968 90903
1969 90979
1970 91158
1971 91192
1972 91243
1973 91302
1974 91316
1975 91331
1976 91378
1977 91501
1978 91507
1979 91685
1980 91881
1981 91895
1982 92030
1983 92037
1984 92050
1985 92051
1986 92109
1987 92244
1988 92274
1989 92284
1990 92465
1991 92516
1992 92535
1993 92715
1994 92719
1995 92758
1996 92825
1997 92933
1998 92969
1999 93059
2000 93183
2001 93567
2002 93588
2003 93599
2004 93634
2005 93671
2006 93698
2007 93703
2008 93938
2009 94103
2010 94153
2011 94181
2012 94183
2013 94235
2014 94253
2015 94356
2016 94375
2017 94416
2018 94471
2019 94538
2020 94560
2021 94573
2022 94635
2023 94832
2024 95023
2025 95254
2026 95355
2027 95457
2028 95705
2029 95779
2030 95815
2031 95974
2032 95998
2033 96010
2034 96033
2035 96045
2036 96074
2037 96081
2038 96190
2039 96327
2040 96362
2041 96466
2042 96572
2043 96596
2044 96622
2045 97713
2046 97829
2047 97893
2048 97922
2049 97959
2050 98011
2051 98119
2052 98241
2053 98398
2054 98485
2055 98552
2056 98600
2057 98680
2058 98684
2059 98703
2060 98714
2061 98761
2062 98844
2063 98966
2064 99016
2065 99037
2066 99140
2067 99252
2068 99283
2069 99285
2070 99326
2071 99520
2072 99559
2073 99590
2074 99614
2075 99636
2076 99699
2077 99731
2078 99906
2079 99943
2080 100277
2081 100415
2082 100444
2083 100553
2084 100578
2085 100794
2086 100816
2087 100951
2088 101268
2089 101393
2090 101402
2091 101461
2092 101548
2093 101675
2094 101887
2095 101895
2096 101913
2097 101919
2098 102032
2099 102097
2100 102222
2101 102259
2102 102315
2103 102409
2104 102410
2105 102670
2106 102822
2107 102941
2108 103024
2109 103171
2110 103328
2111 103419
2112 103447
2113 103516
2114 103535
2115 103576
2116 103616
2117 103685
2118 103766
2119 103790
2120 103893
2121 103951
2122 104020
2123 104031
2124 104101
2125 104153
2126 104335
2127 104442
2128 104493
2129 104511
2130 104523
2131 104563
2132 104653
2133 104793
2134 104832
2135 104857
2136 105144
2137 105201
2138 105256
2139 105318
2140 105356
2141 105433
2142 105439
2143 105460
2144 105554
2145 105592
2146 105593
2147 105707
2148 105713
2149 105782
2150 105802
2151 105912
2152 105935
2153 105949
2154 106023
2155 106066
2156 106098
2157 106102
2158 106124
2159 106605
2160 106754
2161 106808
2162 106990
2163 107031
2164 107061
2165 107152
2166 107165
2167 107171
2168 107191
2169 107443
2170 107584
2171 107709
2172 107824
2173 107845
2174 107904
2175 107930
2176 107963
2177 108008
2178 108014
2179 108224
2180 108413
2181 108546
2182 108626
2183 108802
2184 108817
2185 108925
2186 108971
2187 109142
2188 109343
2189 109346
2190 109368
2191 109533
2192 109535
2193 109536
2194 109731
2195 109736
2196 109738
2197 109739
2198 109833
2199 109877
2200 109884
2201 109888
2202 109897
2203 109910
2204 109964
2205 109991
2206 109995
2207 110231
2208 110241
2209 110546
2210 110645
2211 110669
2212 110703
2213 110739
2214 110747
2215 110763
2216 110810
2217 110820
2218 110844
2219 110870
2220 110960
2221 110994
2222 111006
2223 111017
2224 111103
2225 111167
2226 111296
2227 111358
2228 111427
2229 111449
2230 111538
2231 111587
2232 111597
2233 111644
2234 111652
2235 111679
2236 111761
2237 111770
2238 111875
2239 111917
2240 111955
2241 112096
2242 112097
2243 112118
2244 112190
2245 112249
2246 112343
2247 112354
2248 112424
2249 112461
2250 112466
2251 112483
2252 112615
2253 112668
2254 112828
2255 112861
2256 112866
2257 112949
2258 112959
2259 113037
2260 113087
2261 113092
2262 113104
2263 113135
2264 113235
2265 113242
2266 113294
2267 113321
2268 113431
2269 113643
2270 113669
2271 113677
2272 113749
2273 113776
2274 113818
2275 114022
2276 114033
2277 114069
2278 114120
2279 114206
2280 114280
2281 114399
2282 114496
2283 114503
2284 114523
2285 114525
2286 114591
2287 114669
2288 114785
2289 114958
2290 114994
2291 115070
2292 115088
2293 115188
2294 116281
2295 116290
2296 116302
2297 116430
2298 116452
2299 116499
2300 116595
2301 116608
2302 116757
2303 116851
2304 116921
2305 116960
2306 117013
2307 117101
2308 117102
2309 117152
2310 117237
2311 117354
2312 117369
2313 118570
2314 118629
2315 118633
2316 118768
2317 119103
2318 119126
2319 119254
2320 119387
2321 119593
2322 119636
2323 119688
2324 119732
2325 119838
2326 119858
2327 119950
2328 119999
2329 120015
2330 120036
2331 121299
2332 121337
2333 121353
2334 121406
2335 121451
2336 121497
2337 121546
2338 121551
2339 121724
2340 121775
2341 121781
2342 121809
2343 121830
2344 122102
2345 122126
2346 122231
2347 122273
2348 122374
2349 122469
2350 122474
2351 122505
2352 122601
2353 122637
2354 122659
2355 122687
2356 122742
2357 122785
2358 122830
2359 122911
2360 122921
2361 122933
2362 123039
2363 123109
2364 123124
2365 123156
2366 123353
2367 123456
2368 123483
2369 123525
2370 123591
2371 123639
2372 123674
2373 123725
2374 123753
2375 123874
2376 125903
2377 125932
2378 125977
2379 125995
2380 126077
2381 126088
2382 126101
2383 126108
2384 126201
2385 126206
2386 126214
2387 126374
2388 126471
2389 126504
2390 126512
2391 126533
2392 126622
2393 126636
2394 126711
2395 126847
2396 126919
2397 126967
2398 126987
2399 127002
2400 127071
2401 127259
2402 127282
2403 127330
2404 127382
2405 127420
2406 127431
2407 127472
2408 127502
2409 127531
2410 127543
2411 127695
2412 127745
2413 127752
2414 127766
2415 127770
2416 127791
2417 127796
2418 127797
2419 128161
2420 128310
2421 128315
2422 128323
2423 128356
2424 128374
2425 128408
2426 128468
2427 128512
2428 128598
2429 128626
2430 128627
2431 128650
2432 128705
2433 128785
2434 128816
2435 128882
2436 128938
2437 129134
2438 129143
2439 129160
2440 129190
2441 129267
2442 129429
2443 129449
2444 129492
2445 129525
2446 129626
2447 129632
2448 129731
2449 129873
2450 129978
2451 129987
2452 130098
2453 130239
2454 130268
2455 130368
2456 130412
2457 130450
2458 130457
2459 130459
2460 130521
2461 130552
2462 130567
2463 130594
2464 130649
2465 130688
2466 130721
2467 130754
2468 130800
2469 130803
2470 130829
2471 130918
2472 130985
2473 130996
2474 131014
2475 131272
2476 131457
2477 131459
2478 131487
2479 131494
2480 131674
2481 131732
2482 131738
2483 131812
2484 132114
2485 132123
2486 132195
2487 132372
2488 132449
2489 132499
2490 132515
2491 132566
2492 132613
2493 132654
2494 132719
2495 132720
2496 132754
2497 132852
2498 132886
2499 132892
2500 132974
2501 133032
2502 133091
2503 133198
2504 133270
2505 133366
2506 133376
2507 133398
2508 133459
2509 133494
2510 133664
2511 133758
2512 133866
2513 133915
2514 134071
2515 134076
2516 134119
2517 134226
2518 134229
2519 134262
2520 134274
2521 134356
2522 134417
2523 134473
2524 134683
2525 134704
2526 134705
2527 134831
2528 134843
2529 134849
2530 134943
2531 134960
2532 135013
2533 135016
2534 135063
2535 135180
2536 135186
2537 135346
2538 135465
2539 135472
2540 135477
2541 135478
2542 135520
2543 135521
2544 135539
2545 135569
2546 135602
2547 135610
2548 135618
2549 135676
2550 135764
2551 135872
2552 136182
2553 136477
2554 136486
2555 136542
2556 136616
2557 136724
2558 136752
2559 136775
2560 136797
2561 136860
2562 137122
2563 137207
2564 137221
2565 137229
2566 137350
2567 137354
2568 137460
2569 137504
2570 137538
2571 137560
2572 137811
2573 137860
2574 138011
2575 138087
2576 138095
2577 138151
2578 138297
2579 138325
2580 138404
2581 138451
2582 138598
2583 138679
2584 138690
2585 138770
2586 138892
2587 139055
2588 139067
2589 139153
2590 139346
2591 139398
2592 139544
2593 139545
2594 139616
2595 140923
2596 140927
2597 141058
2598 141143
2599 141158
2600 141258
2601 141303
2602 141331
2603 141354
2604 141468
2605 141802
2606 141839
2607 141856
2608 141865
2609 141875
2610 141898
2611 142005
2612 142061
2613 142132
2614 142159
2615 142169
2616 142193
2617 142236
2618 142344
2619 142352
2620 142413
2621 142435
2622 142531
2623 142548
2624 142672
2625 142732
2626 142805
2627 142971
2628 143256
2629 143385
2630 143576
2631 143593
2632 143630
2633 143673
2634 143823
2635 143843
2636 143978
2637 143998
2638 144078
2639 144101
2640 144294
2641 144329
2642 144337
2643 144356
2644 144393
2645 144406
2646 144546
2647 144572
2648 144641
2649 144694
2650 144696
2651 144736
2652 144779
2653 144819
2654 145110
2655 145158
2656 145331
2657 145400
2658 145458
2659 145560
2660 145772
2661 145811
2662 146003
2663 146010
2664 146166
2665 146253
2666 146499
2667 146585
2668 146666
2669 146867
2670 146871
2671 146931
2672 146984
2673 146993
2674 147070
2675 147096
2676 147239
2677 147346
2678 147433
2679 147499
2680 147539
2681 147826
2682 147847
2683 147893
2684 147896
2685 147908
2686 147939
2687 147987
2688 148028
2689 148116
2690 148177
2691 148189
2692 148203
2693 148216
2694 148298
2695 148309
2696 148337
2697 148378
2698 148418
2699 148489
2700 148602
2701 148656
2702 148676
2703 148709
2704 148761
2705 149065
2706 149082
2707 149214
2708 149314
2709 149487
2710 149516
2711 149744
2712 149832
2713 149920
2714 149977
2715 150009
2716 150050
2717 150128
2718 150139
2719 150373
2720 150387
2721 150446
2722 150493
2723 150503
2724 150598
2725 150687
2726 150803
2727 150847
2728 150899
2729 150994
2730 151121
2731 151150
2732 151331
2733 151332
2734 151374
2735 151640
2736 152731
2737 152808
2738 152880
2739 152906
2740 152924
2741 152979
2742 153361
2743 153385
2744 153478
2745 153538
2746 153657
2747 153791
2748 153806
2749 153807
2750 153904
2751 153926
2752 153937
2753 153965
2754 153990
2755 154088
2756 154105
2757 154227
2758 154307
2759 154350
2760 154373
2761 154403
2762 154443
2763 154461
2764 154468
2765 154580
2766 154651
2767 154735
2768 154753
2769 155015
2770 155169
2771 155360
2772 155425
2773 155539
2774 155727
2775 155823
2776 156251
2777 156280
2778 156286
2779 156308
2780 156318
2781 156529
2782 156606
2783 156715
2784 156740
2785 156861
2786 156879
2787 156884
2788 156890
2789 156907
2790 156934
2791 156943
2792 156984
2793 157003
2794 158070
2795 158246
2796 158319
2797 158421
2798 158462
2799 158532
2800 158757
2801 158803
2802 158824
2803 158938
2804 158946
2805 159021
2806 159101
2807 159273
2808 159374
2809 159436
2810 159590
2811 159674
2812 159685
2813 159734
2814 159880
2815 159922
2816 159937
2817 160042
2818 160347
2819 160413
2820 160548
2821 160718
2822 160759
2823 160937
2824 161013
2825 161085
2826 161126
2827 161163
2828 161176
2829 161267
2830 161275
2831 161406
2832 161453
2833 161662
2834 161683
2835 161796
2836 161819
2837 161821
2838 161859
2839 162020
2840 162105
2841 162119
2842 162184
2843 162213
2844 162335
2845 162514
2846 162552
2847 162704
2848 163074
2849 163082
2850 163217
2851 163225
2852 163378
2853 163439
2854 163546
2855 163604
2856 163691
2857 163780
2858 164083
2859 164455
2860 164490
2861 164511
2862 164665
2863 165004
2864 165091
2865 165197
2866 165212
2867 165381
2868 165476
2869 165526
2870 166073
2871 166095
2872 166367
2873 166568
2874 166798
2875 166966
2876 167077
2877 167098
2878 167114
2879 167250
2880 167282
2881 167311
2882 167312
2883 167690
2884 167888
2885 168066
2886 168129
2887 168218
2888 168237
2889 168533
2890 168536
2891 168546
2892 168684
2893 169003
2894 169009
2895 169209
2896 169257
2897 169275
2898 169553
2899 169730
2900 169745
2901 169964
2902 169969
2903 170130
2904 170229
2905 170318
2906 170338
2907 170464
2908 170502
2909 170635
2910 170725
2911 170768
2912 170882
2913 170962
2914 171107
2915 171247
2916 171881
2917 172068
2918 172076
2919 172315
2920 172624
2921 172739
2922 172939
2923 173000
2924 173085
2925 173207
2926 173281
2927 173496
2928 173639
2929 173751
2930 173768
2931 173790
2932 174135
2933 174150
2934 174164
2935 174413
2936 174521
2937 174541
2938 174569
2939 174746
2940 175188
2941 175292
2942 175344
2943 175444
2944 175718
2945 175985
2946 176050
2947 176077
2948 176220
2949 176239
2950 176358
2951 176518
2952 176537
2953 176650
2954 176731
2955 177049
2956 177113
2957 177297
2958 177588
2959 177734
2960 178061
2961 178169
2962 178371
2963 178417
2964 178601
2965 178710
2966 178826
2967 178831
2968 178837
2969 178865
2970 178944
2971 178960
2972 179046
2973 179082
2974 179180
2975 179309
2976 179353
2977 179388
2978 179523
2979 179535
2980 179574
2981 179592
2982 179595
2983 179636
2984 179671
2985 180698
2986 180998
2987 182302
2988 182309
2989 182668
2990 182686
2991 182688
2992 182836
2993 183216
2994 183414
2995 183501
2996 183527
2997 183882
2998 183928
2999 184186
3000 184225
3001 184277
3002 184317
3003 184374
3004 184474
3005 184659
3006 184898
3007 184947
3008 185110
3009 185231
3010 185298
3011 185452
3012 185509
3013 185519
3014 185579
3015 185630
3016 185939
3017 186034
3018 186170
3019 186199
3020 186323
3021 186869
3022 187076
3023 187098
3024 187254
3025 187403
3026 187456
3027 187508
3028 187917
3029 188418
3030 188650
3031 188673
3032 188796
3033 189031
3034 189060
3035 189181
3036 189299
3037 189367
3038 189600
3039 189653
3040 190308
3041 190344
3042 190471
3043 190558
3044 190591
3045 190983
3046 191013
3047 191042
3048 191062
3049 191425
3050 191451
3051 191777
3052 191786
3053 191942
3054 192125
3055 192185
3056 192318
3057 192527
3058 192561
3059 192713
3060 192891
3061 193188
3062 193205
3063 193237
3064 193364
3065 193585
3066 193609
3067 193663
3068 193684
3069 193864
3070 193918
3071 193954
3072 194257
3073 194275
3074 194280
3075 194334
3076 194367
3077 194661
3078 194733
3079 194936
3080 194986
3081 195297
3082 195648
3083 195842
3084 195915
3085 195951
3086 196006
3087 196100
3088 196127
3089 196136
3090 196153
3091 196383
3092 196564
3093 196726
3094 196848
3095 197110
3096 197292
3097 197487
3098 197595
3099 197713
3100 197848
3101 197973
3102 199352
3103 199606
3104 199632
3105 199995
3106 200078
3107 200097
3108 200143
3109 200173
3110 200198
3111 200378
3112 200752
3113 200868
3114 200932
3115 201235
3116 201343
3117 201393
3118 201482
3119 201492
3120 201786
3121 201835
3122 201877
3123 201973
3124 201992
3125 202284
3126 202330
3127 202441
3128 202522
3129 202628
3130 202669
3131 202823
3132 203003
3133 203067
3134 203493
3135 203697
3136 203746
3137 204029
3138 204090
3139 204094
3140 204100
3141 205186
3142 205222
3143 205370
3144 205513
3145 205552
3146 205553
3147 205555
3148 205810
3149 205881
3150 205981
3151 206048
3152 206440
3153 206579
3154 206669
3155 206790
3156 206822
3157 207201
3158 207295
3159 207416
3160 207421
3161 207644
3162 207816
3163 207906
3164 208014
3165 208516
3166 209522
3167 209828
3168 209854
3169 210087
3170 210552
3171 211246
3172 211293
3173 211444
3174 211706
3175 211708
3176 211773
3177 211857
3178 211908
3179 212142
3180 212287
3181 212421
3182 212494
3183 212546
3184 212895
3185 212962
3186 213279
3187 213337
3188 213886
3189 214552
3190 214674
3191 214950
3192 215047
3193 215220
3194 215353
3195 215747
3196 215788
3197 215809
3198 216276
3199 216342
3200 216479
3201 216495
3202 216577
3203 216629
3204 217025
3205 217034
3206 217545
3207 217567
3208 217589
3209 217821
3210 218051
3211 218370
3212 218614
3213 218668
3214 218983
3215 219133
3216 219282
3217 219582
3218 219681
3219 219710
3220 219806
3221 219897
3222 220112
3223 220329
3224 221027
3225 221339
3226 221395
3227 221851
3228 222014
3229 222284
3230 222390
3231 222622
3232 222736
3233 223002
3234 223564
3235 223565
3236 223610
3237 223824
3238 223935
3239 223991
3240 223995
3241 224351
3242 224675
3243 225207
3244 225413
3245 225423
3246 225436
3247 225668
3248 225693
3249 225733
3250 225831
3251 226088
3252 226266
3253 226313
3254 226745
3255 226882
3256 227138
3257 227213
3258 227853
3259 227960
3260 228183
3261 228279
3262 228346
3263 228401
3264 228802
3265 228887
3266 229047
3267 229076
3268 229168
3269 229198
3270 229464
3271 229480
3272 229931
3273 230036
3274 230054
3275 230227
3276 230249
3277 230495
3278 230685
3279 230751
3280 230973
3281 231017
3282 231085
3283 231732
3284 232028
3285 232298
3286 232589
3287 232717
3288 232875
3289 233125
3290 233266
3291 233297
3292 233328
3293 233409
3294 233497
3295 233798
3296 233844
3297 234018
3298 234120
3299 234304
3300 234495
3301 234538
3302 234734
3303 234938
3304 235019
3305 235079
3306 235285
3307 235413
3308 235450
3309 235574
3310 236145
3311 237268
3312 237306
3313 237497
3314 237588
3315 237612
3316 238782
3317 238893
3318 239218
3319 239250
3320 240106
3321 241043
3322 241050
3323 241355
3324 241896
3325 241943
3326 242059
3327 242068
3328 242086
3329 242499
3330 242665
3331 242688
3332 243144
3333 243565
3334 243775
3335 243946
3336 244158
3337 244401
3338 244470
3339 244606
3340 244650
3341 244885
3342 244922
3343 244972
3344 245214
3345 245215
3346 245223
3347 245253
3348 245499
3349 245692
3350 245898
3351 246050
3352 246208
3353 246342
3354 246808
3355 247056
3356 247106
3357 247394
3358 247585
3359 248649
3360 248661
3361 248850
3362 249239
3363 249307
3364 249399
3365 249606
3366 249679
3367 249809
3368 249961
3369 250136
3370 250304
3371 250363
3372 250421
3373 250688
3374 250800
3375 251385
3376 251406
3377 251711
3378 251803
3379 251888
3380 252044
3381 252101
3382 252145
3383 252213
3384 252288
3385 252473
3386 252542
3387 252802
3388 252882
3389 252959
3390 253098
3391 253415
3392 253475
3393 253543
3394 253552
3395 253762
3396 254085
3397 254088
3398 254266
3399 254585
3400 254777
3401 254784
3402 254857
3403 255166
3404 255340
3405 255909
3406 255947
3407 255976
3408 256008
3409 256023
3410 256285
3411 256570
3412 256674
3413 256739
3414 256818
3415 256955
3416 257018
3417 257153
3418 257247
3419 257383
3420 257476
3421 257608
3422 257693
3423 257720
3424 257819
3425 257826
3426 257848
3427 258008
3428 258395
3429 258511
3430 258613
3431 258706
3432 258737
3433 258931
3434 259141
3435 259334
3436 259346
3437 259501
3438 259732
3439 259759
3440 260823
3441 261018
3442 261166
3443 261246
3444 261303
3445 261571
3446 261650
3447 261654
3448 261680
3449 262005
3450 262101
3451 262298
3452 262382
3453 262521
3454 262530
3455 262703
3456 262813
3457 262820
3458 262877
3459 262953
3460 263197
3461 263222
3462 263561
3463 263574
3464 263791
3465 263846
3466 264029
3467 264082
3468 264165
3469 264202
3470 264231
3471 264240
3472 264295
3473 264351
3474 264412
3475 264441
3476 264509
3477 264569
3478 264817
3479 264869
3480 264928
3481 264950
3482 264991
3483 265249
3484 265285
3485 265301
3486 265459
3487 265750
3488 265809
3489 265913
3490 265958
3491 266114
3492 266127
3493 266246
3494 266308
3495 266309
3496 266359
3497 266492
3498 266507
3499 266561
3500 266684
3501 266834
3502 266992
3503 267035
3504 267036
3505 267196
3506 267208
3507 267209
3508 267293
3509 267371
3510 267474
3511 267492
3512 267852
3513 267866
3514 268009
3515 268011
3516 268023
3517 268062
3518 268271
3519 268454
3520 268470
3521 268509
3522 268568
3523 268575
3524 268631
3525 268666
3526 268733
3527 268818
3528 268831
3529 268844
3530 269090
3531 269185
3532 269313
3533 269350
3534 269355
3535 269492
3536 269563
3537 269669
3538 269852
3539 269892
3540 269945
3541 269966
3542 270020
3543 270030
3544 270139
3545 270289
3546 270375
3547 270427
3548 270600
3549 270621
3550 270982
3551 271031
3552 271203
3553 271339
3554 271419
3555 272599
3556 272775
3557 272791
3558 272831
3559 272893
3560 272918
3561 273006
3562 273076
3563 273160
3564 273218
3565 273224
3566 273272
3567 273780
3568 273852
3569 273870
3570 273888
3571 273964
3572 274070
3573 274109
3574 274167
3575 274226
3576 274227
3577 274440
3578 274492
3579 274858
3580 274930
3581 275032
3582 275089
3583 275219
3584 275271
3585 275340
3586 275363
3587 275604
3588 275645
3589 275669
3590 275711
3591 275733
3592 275830
3593 276251
3594 276405
3595 276574
3596 276724
3597 276932
3598 277125
3599 277318
3600 277347
3601 277512
3602 277625
3603 277855
3604 277858
3605 278178
3606 278249
3607 278282
3608 278288
3609 278299
3610 278402
3611 278628
3612 278664
3613 278759
3614 278870
3615 279051
3616 279119
3617 279394
3618 279783
3619 279880
3620 280282
3621 280725
3622 280969
3623 281297
3624 281483
3625 281660
3626 281667
3627 282047
3628 282286
3629 282459
3630 282745
3631 283274
3632 283305
3633 283682
3634 283730
3635 283823
3636 284121
3637 284158
3638 284217
3639 284385
3640 284444
3641 284450
3642 284724
3643 284896
3644 285186
3645 285317
3646 285348
3647 285478
3648 285922
3649 285933
3650 286360
3651 286457
3652 286576
3653 286721
3654 286767
3655 286964
3656 287126
3657 287160
3658 287581
3659 287622
3660 287877
3661 287887
3662 287949
3663 288013
3664 288035
3665 288287
3666 288339
3667 288351
3668 288357
3669 288472
3670 288604
3671 288614
3672 288762
3673 288980
3674 289041
3675 289083
3676 289101
3677 289108
3678 289628
3679 289924
3680 290049
3681 290074
3682 290132
3683 290340
3684 290472
3685 290614
3686 290688
3687 290690
3688 290799
3689 290906
3690 291186
3691 291481
3692 291491
3693 291621
3694 291991
3695 292411
3696 292565
3697 292913
3698 292958
3699 293042
3700 293063
3701 293106
3702 293359
3703 293451
3704 293543
3705 293831
3706 293864
3707 293873
3708 293947
3709 294047
3710 294271
3711 294833
3712 294965
3713 294966
3714 294984
3715 295232
3716 295282
3717 295365
3718 295412
3719 295478
3720 295569
3721 296103
3722 296189
3723 296391
3724 296521
3725 296601
3726 296650
3727 296678
3728 296719
3729 296736
3730 297146
3731 297279
3732 297386
3733 297729
3734 298080
3735 298257
3736 298790
3737 299286
3738 299504
3739 299526
3740 299608
3741 299645
3742 299721
3743 299723
3744 299738
3745 299834
3746 300146
3747 300242
3748 300309
3749 300551
3750 300568
3751 300667
3752 300718
3753 300782
3754 300829
3755 301076
3756 301242
3757 301267
3758 301307
3759 302232
3760 302269
3761 302307
3762 302342
3763 302370
3764 302445
3765 302487
3766 302553
3767 302633
3768 302795
3769 302811
3770 302825
3771 303234
3772 303298
3773 303412
3774 303724
3775 303747
3776 303804
3777 303815
3778 303844
3779 303977
3780 304212
3781 304245
3782 304370
3783 304651
3784 304776
3785 304837
3786 304859
3787 304992
3788 304993
3789 305093
3790 305246
3791 305501
3792 305563
3793 305627
3794 305706
3795 305942
3796 306013
3797 306036
3798 306305
3799 306438
3800 306662
3801 306684
3802 307026
3803 307078
3804 307101
3805 307113
3806 307300
3807 307654
3808 307714
3809 307854
3810 308181
3811 308261
3812 308413
3813 308494
3814 308580
3815 308617
3816 308735
3817 308917
3818 309019
3819 309043
3820 309389
3821 309410
3822 309656
3823 310029
3824 310060
3825 310391
3826 310472
3827 310671
3828 310820
3829 310838
3830 310881
3831 311127
3832 311145
3833 311468
3834 311522
3835 311558
3836 311606
3837 311652
3838 312229
3839 312289
3840 312402
3841 312406
3842 312478
3843 312824
3844 313084
3845 313673
3846 313740
3847 313758
3848 313923
3849 313973
3850 314185
3851 314391
3852 314536
3853 314637
3854 314885
3855 314904
3856 315049
3857 315970
3858 316135
3859 316487
3860 316848
3861 316936
3862 317226
3863 317359
3864 317521
3865 317672
3866 317838
3867 317899
3868 317989
3869 318178
3870 318286
3871 318397
3872 318398
3873 318621
3874 318634
3875 318657
3876 318976
3877 319040
3878 319123
3879 319235
3880 319392
3881 319819
3882 319909
3883 319911
3884 320001
3885 320197
3886 320308
3887 320608
3888 320784
3889 320858
3890 320947
3891 321540
3892 321658
3893 321668
3894 321781
3895 321799
3896 321811
3897 322145
3898 322598
3899 322602
3900 322762
3901 322912
3902 323050
3903 323076
3904 323097
3905 323350
3906 323708
3907 323834
3908 323977
3909 324273
3910 325447
3911 325450
3912 325535
3913 325602
3914 325733
3915 325776
3916 326114
3917 326529
3918 326797
3919 326967
3920 327076
3921 327186
3922 327303
3923 327706
3924 327960
3925 328494
3926 328523
3927 329044
3928 329292
3929 329318
3930 329376
3931 329604
3932 329781
3933 329831
3934 330008
3935 330120
3936 330453
3937 330505
3938 330554
3939 330994
3940 331276
3941 331699
3942 331774
3943 331976
3944 332395
3945 332461
3946 333025
3947 333262
3948 333619
3949 333996
3950 334004
3951 334145
3952 334307
3953 334509
3954 334926
3955 335091
3956 335184
3957 335258
3958 335439
3959 335476
3960 335788
3961 335905
3962 336133
3963 336206
3964 336548
3965 336644
3966 336709
3967 336802
3968 337423
3969 337898
3970 337945
3971 338089
3972 338456
3973 338461
3974 338469
3975 338711
3976 338731
3977 338917
3978 339150
3979 339489
3980 339504
3981 339559
3982 339621
3983 339645
3984 339675
3985 339826
3986 340131
3987 340170
3988 340285
3989 340357
3990 340479
3991 340659
3992 340860
3993 341038
3994 341225
3995 341242
3996 341273
3997 341400
3998 341563
3999 341809
4000 341869
4001 342072
4002 342105
4003 342328
4004 342447
4005 342686
4006 342862
4007 343002
4008 343363
4009 343439
4010 343474
4011 343515
4012 343652
4013 344681
4014 344720
4015 344747
4016 344909
4017 344918
4018 345022
4019 345381
4020 345404
4021 345455
4022 345554
4023 345555
4024 345598
4025 345861
4026 346253
4027 346407
4028 346683
4029 348026
4030 348222
4031 348232
4032 348271
4033 348359
4034 348471
4035 348588
4036 348756
4037 348892
4038 348950
4039 349014
4040 349032
4041 349115
4042 349169
4043 349403
4044 349418
4045 349536
4046 349672
4047 349882
4048 349888
4049 350061
4050 350185
4051 350404
4052 350496
4053 350568
4054 350805
4055 350938
4056 351108
4057 351309
4058 351517
4059 351547
4060 351861
4061 351866
4062 351880
4063 352602
4064 352659
4065 352901
4066 352905
4067 352914
4068 353080
4069 353081
4070 353244
4071 353253
4072 353624
4073 353649
4074 353667
4075 353742
4076 353984
4077 353986
4078 354098
4079 354159
4080 354263
4081 354314
4082 354554
4083 354889
4084 355224
4085 355351
4086 355366
4087 355515
4088 355525
4089 355566
4090 355726
4091 355774
4092 355926
4093 356065
4094 356173
4095 356257
4096 356366
4097 356412
4098 356551
4099 356706
4100 356709
4101 356776
4102 356886
4103 357039
4104 357119
4105 357387
4106 357860
4107 357970
4108 358007
4109 358202
4110 358355
4111 358842
4112 358894
4113 358943
4114 358956
4115 359046
4116 359088
4117 359381
4118 359604
4119 360007
4120 360211
4121 360307
4122 360393
4123 360582
4124 360690
4125 360930
4126 360989
4127 361196
4128 361590
4129 361620
4130 361679
4131 361699
4132 361915
4133 361935
4134 362109
4135 362354
4136 362780
4137 363056
4138 363126
4139 363211
4140 363306
4141 363394
4142 363490
4143 363541
4144 363748
4145 364208
4146 364488
4147 364771
4148 365390
4149 365462
4150 366078
4151 366089
4152 366745
4153 366833
4154 367089
4155 367257
4156 367378
4157 367622
4158 367717
4159 367780
4160 367792
4161 368186
4162 368378
4163 368648
4164 369162
4165 369590
4166 369680
4167 369712
4168 370142
4169 370873
4170 370899
4171 370901
4172 370926
4173 371162
4174 371332
4175 371381
4176 371402
4177 371615
4178 371902
4179 372024
4180 372095
4181 372221
4182 372306
4183 372380
4184 372477
4185 372547
4186 372653
4187 373085
4188 373132
4189 373239
4190 373250
4191 373298
4192 373357
4193 373449
4194 373463
4195 373577
4196 374217
4197 374549
4198 374647
4199 374779
4200 375010
4201 375027
4202 375072
4203 375133
4204 375209
4205 375904
4206 376161
4207 376501
4208 376579
4209 376658
4210 376866
4211 377212
4212 377352
4213 377382
4214 377599
4215 377926
4216 378312
4217 378506
4218 378647
4219 378837
4220 378865
4221 379069
4222 379179
4223 379193
4224 379280
4225 379482
4226 379892
4227 379993
4228 380073
4229 380155
4230 380352
4231 380415
4232 380487
4233 380748
4234 380870
4235 380892
4236 381492
4237 381550
4238 381625
4239 381828
4240 381981
4241 382128
4242 382429
4243 382667
4244 382704
4245 382736
4246 382849
4247 383704
4248 384187
4249 384241
4250 385085
4251 385298
4252 385314
4253 385810
4254 385862
4255 386126
4256 386221
4257 386346
4258 386596
4259 386971
4260 387734
4261 388069
4262 388164
4263 388700
4264 388744
4265 388776
4266 388802
4267 389168
4268 389213
4269 389214
4270 389431
4271 389590
4272 389698
4273 389947
4274 389964
4275 390230
4276 390383
4277 390456
4278 391488
4279 392272
4280 392508
4281 392785
4282 392863
4283 393891
4284 394062
4285 394152
4286 394942
4287 394962
4288 394975
4289 395154
4290 395227
4291 395292
4292 395358
4293 395829
4294 396005
4295 396588
4296 396818
4297 396984
4298 397576
4299 397694
4300 397711
4301 397954
4302 397971
4303 398047
4304 398092
4305 398184
4306 398501
4307 399281
4308 399297
4309 399462
4310 399463
4311 399841
4312 399846
4313 400081
4314 400102
4315 400162
4316 400654
4317 400824
4318 401485
4319 401491
4320 401668
4321 401715
4322 401742
4323 401853
4324 402118
4325 402222
4326 402251
4327 402363
4328 402383
4329 402683
4330 402950
4331 403016
4332 403024
4333 403025
4334 403261
4335 403646
4336 403687
4337 403822
4338 403864
4339 404149
4340 404264
4341 404348
4342 404411
4343 404421
4344 404764
4345 405060
4346 405173
4347 405705
4348 405765
4349 405834
4350 405861
4351 405873
4352 406012
4353 406104
4354 406384
4355 406437
4356 406592
4357 407289
4358 407397
4359 407839
4360 407875
4361 407927
4362 409089
4363 409105
4364 409189
4365 409313
4366 409521
4367 409951
4368 410192
4369 410226
4370 410359
4371 410549
4372 410604
4373 410887
4374 411073
4375 411283
4376 411314
4377 411500
4378 412114
4379 412333
4380 412403
4381 413184
4382 413406
4383 413604
4384 413659
4385 413741
4386 413846
4387 414045
4388 414057
4389 414187
4390 414514
4391 414521
4392 414710
4393 414742
4394 415284
4395 415429
4396 415594
4397 415656
4398 416131
4399 416161
4400 416293
4401 416427
4402 416443
4403 417927
4404 418058
4405 418436
4406 418550
4407 419192
4408 419353
4409 419696
4410 419865
4411 420123
4412 420288
4413 420403
4414 420491
4415 420542
4416 420552
4417 420605
4418 420708
4419 421058
4420 421081
4421 421650
4422 421863
4423 421919
4424 421957
4425 422075
4426 422570
4427 422844
4428 422975
4429 423273
4430 423406
4431 423507
4432 423632
4433 423985
4434 424268
4435 424499
4436 424581
4437 424870
4438 425013
4439 425246
4440 425649
4441 425830
4442 425834
4443 426674
4444 426744
4445 426786
4446 426912
4447 426976
4448 427095
4449 427233
4450 427491
4451 427827
4452 427922
4453 427949
4454 428033
4455 428148
4456 428402
4457 428525
4458 428952
4459 428990
4460 429213
4461 429249
4462 429363
4463 429471
4464 429495
4465 429517
4466 429708
4467 429874
4468 429942
4469 429998
4470 430419
4471 430791
4472 431010
4473 431482
4474 431485
4475 431564
4476 431565
4477 431751
4478 431861
4479 432137
4480 432766
4481 432798
4482 433017
4483 433334
4484 433427
4485 433440
4486 433634
4487 434180
4488 434320
4489 434376
4490 434492
4491 434634
4492 434677
4493 434683
4494 434985
4495 435404
4496 435479
4497 435523
4498 436011
4499 436221
4500 436462
4501 436475
4502 436747
4503 436972
4504 437186
4505 437717
4506 437769
4507 438167
4508 438222
4509 438370
4510 438627
4511 438636
4512 438700
4513 438936
4514 439037
4515 439235
4516 439268
4517 439325
4518 439511
4519 439604
4520 439948
4521 440007
4522 440211
4523 440275
4524 440322
4525 440399
4526 440510
4527 441019
4528 441115
4529 441144
4530 441648
4531 442461
4532 442583
4533 442719
4534 442764
4535 443260
4536 443358
4537 443607
4538 443892
4539 443988
4540 444005
4541 444139
4542 444307
4543 444328
4544 444387
4545 444658
4546 444672
4547 444902
4548 444978
4549 445062
4550 445158
4551 445200
4552 445575
4553 445745
4554 446850
4555 446889
4556 446951
4557 447287
4558 448573
4559 448673
4560 448683
4561 448724
4562 448761
4563 448763
4564 449169
4565 449201
4566 449219
4567 449333
4568 449431
4569 449543
4570 449658
4571 449771
4572 450054
4573 450139
4574 450187
4575 450208
4576 450326
4577 450377
4578 450543
4579 450899
4580 451045
4581 451267
4582 451588
4583 451751
4584 451979
4585 452308
4586 452421
4587 452428
4588 452452
4589 452592
4590 452726
4591 452745
4592 452932
4593 452995
4594 453327
4595 453425
4596 453657
4597 453980
4598 454068
4599 454103
4600 454158
4601 454292
4602 454332
4603 455383
4604 455470
4605 455526
4606 456150
4607 456455
4608 456512
4609 456619
4610 456686
4611 456771
4612 456808
4613 457359
4614 457410
4615 457686
4616 457834
4617 457901
4618 458136
4619 458587
4620 458631
4621 458828
4622 459142
4623 459221
4624 459323
4625 459428
4626 459517
4627 459592
4628 459742
4629 459754
4630 459771
4631 459809
4632 460163
4633 460855
4634 461097
4635 461149
4636 461488
4637 461559
4638 461833
4639 461971
4640 462245
4641 462533
4642 462578
4643 462707
4644 462768
4645 463293
4646 463327
4647 463752
4648 464086
4649 464184
4650 464208
4651 464265
4652 464379
4653 464451
4654 464972
4655 465013
4656 465017
4657 465174
4658 465176
4659 465280
4660 465448
4661 465656
4662 465810
4663 465844
4664 465965
4665 466335
4666 466848
4667 466875
4668 466889
4669 466916
4670 467294
4671 467415
4672 467613
4673 467939
4674 468190
4675 468360
4676 468891
4677 469295
4678 469345
4679 469527
4680 469710
4681 469754
4682 469869
4683 469917
4684 469932
4685 470068
4686 470202
4687 470316
4688 470376
4689 470460
4690 470675
4691 470922
4692 471037
4693 471753
4694 472000
4695 472159
4696 472372
4697 472483
4698 472565
4699 472755
4700 472900
4701 473061
4702 473082
4703 473330
4704 473932
4705 474020
4706 474105
4707 474428
4708 474449
4709 475733
4710 476175
4711 476184
4712 476522
4713 476554
4714 476627
4715 476764
4716 476796
4717 476966
4718 476987
4719 477111
4720 477214
4721 477403
4722 477425
4723 477602
4724 477659
4725 477712
4726 477758
4727 477795
4728 478060
4729 478132
4730 478142
4731 478273
4732 478429
4733 478538
4734 479055
4735 479082
4736 479472
4737 479515
4738 479656
4739 480113
4740 480163
4741 480190
4742 480324
4743 480510
4744 480656
4745 480938
4746 481037
4747 481149
4748 481302
4749 481557
4750 481634
4751 482014
4752 483607
4753 483912
4754 483992
4755 484026
4756 484065
4757 484543
4758 484642
4759 484876
4760 484930
4761 485037
4762 485091
4763 485395
4764 485468
4765 485603
4766 485816
4767 486157
4768 486168
4769 486197
4770 486300
4771 486331
4772 486634
4773 486778
4774 486790
4775 486859
4776 486914
4777 487011
4778 487240
4779 487571
4780 487583
4781 487692
4782 487722
4783 488134
4784 488253
4785 488955
4786 488978
4787 488993
4788 489118
4789 489126
4790 489214
4791 489461
4792 489587
4793 489689
4794 490288
4795 490796
4796 490829
4797 491058
4798 492073
4799 492112
4800 492353
4801 492591
4802 492797
4803 492887
4804 492965
4805 493698
4806 494096
4807 494286
4808 494639
4809 494715
4810 494955
4811 495163
4812 495219
4813 495396
4814 495732
4815 495980
4816 496290
4817 496531
4818 496678
4819 496751
4820 496929
4821 497087
4822 497325
4823 497374
4824 497560
4825 497904
4826 498124
4827 498395
4828 498528
4829 498556
4830 498588
4831 499013
4832 499186
4833 499520
4834 500218
4835 500382
4836 500505
4837 500562
4838 500652
4839 500693
4840 500833
4841 500901
4842 502606
4843 502820
4844 502829
4845 503017
4846 503023
4847 503161
4848 503488
4849 504183
4850 504476
4851 504493
4852 505045
4853 505593
4854 505678
4855 505756
4856 505988
4857 506254
4858 506285
4859 506695
4860 506716
4861 506759
4862 506845
4863 507001
4864 507192
4865 507372
4866 507374
4867 507626
4868 507944
4869 508066
4870 508091
4871 508613
4872 508909
4873 509242
4874 509402
4875 509431
4876 509467
4877 509503
4878 509541
4879 509650
4880 509803
4881 510002
4882 510234
4883 510399
4884 510417
4885 510506
4886 511067
4887 511232
4888 511372
4889 511473
4890 511572
4891 511789
4892 511983
4893 512462
4894 512902
4895 512912
4896 513026
4897 513449
4898 513474
4899 513839
4900 513874
4901 514829
4902 514883
4903 515059
4904 515169
4905 515204
4906 515259
4907 515497
4908 516203
4909 516371
4910 516419
4911 516609
