0 7
1 20
2 13
3 11517
4 7743
5 194034
6 23
7 71
8 4864
9 40
10 42
11 59
12 78
13 97
14 11205
15 57
16 82
17 95
18 574
19 1350
20 1236
21 1403
22 1341
23 1458
24 20391
25 72
26 141
27 345
28 6432
29 77
30 56
31 74
32 48
33 79
34 838
35 1287
36 29
37 30051
38 4
39 353
40 43351
41 47
42 369
43 166
44 104
45 19
46 66
47 329
48 134
49 11062
50 124
51 107
52 15
53 7786
54 116
55 133
56 50583
57 8
58 9624
59 1335
60 1013
61 6901
62 139
63 386
64 86
65 4066
66 1255
67 1492
68 126
69 383
70 392
71 1352
72 121
73 869
74 119
75 176
76 23119
77 18
78 26076
79 29011
80 75882
81 89839
82 142
83 391
84 84967
85 163
86 41
87 144
88 171
89 347
90 306
91 7427
92 4075
93 11686
94 1268
95 57855
96 70256
97 59215
98 62
99 50
100 411
101 775
102 174
103 17
104 225
105 165
106 184
107 1337
108 8753
109 100917
110 152
111 207
112 226
113 651
114 285
115 173
116 5223
117 7117
118 12998
119 22138
120 202
121 373
122 309
123 327
124 358
125 317
126 292
127 100
128 2045
129 301
130 76
131 28
132 539
133 217
134 213
135 1631
136 380
137 1708
138 399
139 2451
140 414
141 3150
142 196
143 293
144 436
145 516
146 447
147 405
148 1462
149 474
150 473
151 472
152 493
153 489
154 61
155 1241
156 1353
157 1782
158 17026
159 68919
160 46757
161 92058
162 453
163 495
164 518
165 11
166 504
167 529
168 4552
169 520
170 46365
171 552
172 701
173 28524
174 7142
175 29621
176 1039
177 69
178 562
179 420
180 35944
181 567
182 159
183 636
184 230
185 3735
186 619
187 632
188 266
189 652
190 661
191 418
192 540
193 672
194 670
195 683
196 692
197 695
198 377
199 793
200 26969
201 704
202 154
203 246
204 188
205 829
206 149
207 642
208 3702
209 396
210 37
211 7924
212 8563
213 800
214 744
215 762
216 791
217 52261
218 2359
219 813
220 821
221 1504
222 834
223 8571
224 847
225 832
226 724
227 34167
228 98822
229 877
230 304
231 761
232 5284
233 890
234 193072
235 892
236 250
237 1382
238 1186
239 938
240 3018
241 3970
242 3540
243 5975
244 930
245 923
246 909
247 954
248 11320
249 871
250 959
251 948
252 995
253 2525
254 771
255 22749
256 36863
257 786
258 717
259 1037
260 749
261 947
262 605
263 861
264 1077
265 36209
266 1252
267 1272
268 961
269 1460
270 1129
271 807
272 592
273 1123
274 1218
275 1254
276 1284
277 2936
278 919
279 62689
280 1495
281 1310
282 1311
283 9444
284 1358
285 20774
286 1065
287 966
288 1377
289 1378
290 429
291 43588
292 1414
293 955
294 6389
295 1469
296 1383
297 115
298 1394
299 19837
300 425
301 1486
302 1479
303 1228
304 16222
305 1390
306 16520
307 1483
308 31729
309 24093
310 1172
311 1247
312 1609
313 1648
314 8338
315 5603
316 1570
317 622
318 5912
319 977
320 1559
321 1160
322 2469
323 1602
324 1560
325 1579
326 1637
327 1638
328 1618
329 1641
330 1370
331 1501
332 1654
333 1655
334 1592
335 1588
336 1345
337 1670
338 8940
339 158
340 1656
341 673
342 1695
343 16660
344 15693
345 1714
346 1752
347 1768
348 1803
349 1807
350 1924
351 1829
352 238
353 2843
354 873
355 1855
356 1046
357 1873
358 1545
359 1859
360 565
361 2314
362 1878
363 1093
364 1928
365 393
366 1847
367 1916
368 1918
369 1942
370 1945
371 1663
372 1959
373 224
374 1971
375 2084
376 2121
377 57823
378 83172
379 102170
380 169351
381 534
382 47489
383 1884
384 20545
385 2138
386 1505
387 2165
388 1671
389 4020
390 667
391 249
392 2192
393 1257
394 29846
395 2217
396 2220
397 2226
398 2247
399 2249
400 2252
401 2285
402 2300
403 2151
404 7667
405 8609
406 7252
407 78739
408 80640
409 40726
410 41634
411 2330
412 1761
413 1814
414 2809
415 2328
416 1313
417 2072
418 2652
419 51994
420 1910
421 1543
422 2145
423 2240
424 2375
425 2350
426 10615
427 20170
428 56926
429 2383
430 2394
431 25589
432 2751
433 2410
434 1948
435 2418
436 2417
437 2420
438 1573
439 884
440 1880
441 117725
442 2456
443 1012
444 824
445 2488
446 2238
447 2415
448 2536
449 2551
450 965
451 2552
452 2535
453 1496
454 44126
455 63994
456 2578
457 2599
458 2708
459 922
460 1844
461 2628
462 2643
463 45117
464 3939
465 2898
466 2655
467 2659
468 3811
469 2499
470 1423
471 3411
472 30173
473 2639
474 2754
475 2710
476 8981
477 664
478 2798
479 2800
480 2802
481 48885
482 2805
483 2826
484 8564
485 2897
486 2544
487 2900
488 16962
489 2910
490 2931
491 2918
492 5660
493 7670
494 2320
495 2591
496 2958
497 2878
498 2978
499 4582
500 4587
501 4600
502 4615
503 4040
504 4651
505 4683
506 5646
507 3197
508 35879
509 3009
510 3047
511 3064
512 2146
513 1531
514 2190
515 185558
516 3239
517 1000
518 27898
519 2299
520 3140
521 2540
522 2348
523 417
524 3196
525 2098
526 3194
527 3201
528 1324
529 2651
530 27384
531 302
532 2022
533 3233
534 1827
535 3281
536 1927
537 3252
538 2973
539 125
540 2057
541 5097
542 164463
543 1471
544 3290
545 1040
546 3395
547 3415
548 1939
549 3190
550 3469
551 3479
552 2726
553 3460
554 3496
555 1233
556 904
557 3527
558 3528
559 3515
560 3597
561 9357
562 3605
563 3601
564 975
565 66086
566 3705
567 2714
568 3707
569 1876
570 3737
571 852
572 12200
573 3751
574 3752
575 1429
576 3636
577 3743
578 2928
579 1727
580 83408
581 105689
582 1512
583 6162
584 3816
585 3819
586 3821
587 35991
588 2058
589 3875
590 3876
591 3417
592 2283
593 3908
594 3975
595 2824
596 3632
597 3234
598 4004
599 4006
600 2793
601 4014
602 4104
603 3992
604 3936
605 3572
606 4140
607 3624
608 4158
609 4145
610 4097
611 3714
612 4131
613 4026
614 4223
615 4202
616 7902
617 14215
618 6126
619 625
620 4249
621 4248
622 4252
623 3694
624 4034
625 4191
626 4461
627 4107
628 65572
629 825
630 4292
631 4278
632 4208
633 3887
634 4304
635 3360
636 4314
637 3066
638 4432
639 4306
640 4457
641 4289
642 2480
643 4883
644 4283
645 4657
646 25620
647 3677
648 4483
649 4435
650 4541
651 4551
652 4554
653 4558
654 1576
655 6564
656 4641
657 4857
658 4650
659 4669
660 4673
661 4677
662 4686
663 6499
664 1696
665 4574
666 4257
667 16383
668 4570
669 4112
670 4466
671 2445
672 4769
673 4770
674 4809
675 5012
676 103
677 3762
678 4846
679 4337
680 1635
681 2433
682 4875
683 4867
684 38454
685 4901
686 4906
687 4916
688 4521
689 4930
690 76503
691 4933
692 4945
693 176093
694 70460
695 4964
696 4715
697 1739
698 4237
699 5046
700 35354
701 5020
702 5058
703 2715
704 4210
705 5068
706 9939
707 14202
708 40110
709 5088
710 21546
711 4711
712 4880
713 5113
714 5100
715 5103
716 4485
717 5062
718 4976
719 5149
720 27395
721 5152
722 5477
723 4637
724 5234
725 5245
726 935
727 4459
728 5253
729 24142
730 5301
731 5321
732 4984
733 4887
734 7911
735 754
736 34445
737 1201
738 3454
739 5363
740 5364
741 5390
742 5400
743 8868
744 11275
745 5300
746 5441
747 5317
748 5435
749 5460
750 5306
751 5475
752 5324
753 4438
754 4855
755 5563
756 5626
757 5418
758 5144
759 56424
760 5648
761 5172
762 6384
763 175
764 5699
765 5707
766 4877
767 5567
768 5729
769 5732
770 5739
771 232
772 5376
773 3948
774 2828
775 3099
776 5771
777 5669
778 56188
779 5528
780 5788
781 1266
782 5838
783 3329
784 5201
785 3397
786 4245
787 5063
788 3309
789 6189
790 5990
791 5834
792 10379
793 6040
794 6049
795 21432
796 10651
797 5928
798 4312
799 6085
800 4636
801 35340
802 5644
803 16770
804 6178
805 25385
806 9887
807 29639
808 4023
809 5447
810 1196
811 6695
812 614
813 1136
814 5841
815 6324
816 5844
817 5379
818 6395
819 212
820 4646
821 6407
822 6412
823 5265
824 6446
825 2653
826 6501
827 5382
828 16690
829 6416
830 6004
831 5885
832 6800
833 37161
834 6585
835 6560
836 2724
837 4983
838 6090
839 6724
840 6456
841 5129
842 6736
843 6763
844 4502
845 1325
846 6686
847 6667
848 6089
849 6807
850 6775
851 9199
852 6812
853 5374
854 6860
855 3220
856 64951
857 6374
858 6902
859 6958
860 1064
861 7052
862 7056
863 7041
864 6627
865 7047
866 7140
867 7169
868 7197
869 7187
870 7220
871 6336
872 7240
873 4754
874 7246
875 6911
876 7248
877 7255
878 7282
879 8007
880 4240
881 55446
882 24873
883 16691
884 4262
885 6974
886 7407
887 7409
888 6743
889 5931
890 7446
891 4919
892 59139
893 63097
894 7050
895 5473
896 7485
897 7375
898 7492
899 4160
900 7502
901 7507
902 7527
903 7964
904 4556
905 7433
906 9205
907 7584
908 7590
909 7330
910 234048
911 6634
912 7654
913 7675
914 4005
915 7711
916 7768
917 35024
918 7795
919 36834
920 853
921 10652
922 10892
923 42618
924 6698
925 7963
926 690
927 6986
928 180269
929 10522
930 21102
931 73081
932 7993
933 8626
934 14443
935 4676
936 12810
937 91
938 5819
939 8029
940 8131
941 6247
942 8060
943 28958
944 8090
945 9290
946 6982
947 8082
948 8170
949 5176
950 8226
951 9243
952 8257
953 8310
954 8350
955 1600
956 50493
957 8348
958 5607
959 8345
960 3237
961 52112
962 8262
963 8202
964 8260
965 8492
966 71344
967 8546
968 5705
969 26633
970 7376
971 8580
972 8582
973 8589
974 8607
975 7927
976 8154
977 967
978 11088
979 68079
980 6913
981 8616
982 16421
983 8687
984 8556
985 5539
986 8579
987 8570
988 8520
989 8737
990 8774
991 8820
992 6485
993 8841
994 8521
995 7689
996 36935
997 8854
998 4173
999 8075
1000 5686
1001 4463
1002 8066
1003 8889
1004 2635
1005 7920
1006 9542
1007 8945
1008 23473
1009 8885
1010 7574
1011 898
1012 335
1013 11227
1014 612
1015 1225
1016 3925
1017 8895
1018 11157
1019 34393
1020 3006
1021 85354
1022 1207
1023 6136
1024 3598
1025 4578
1026 3825
1027 7835
1028 6805
1029 6749
1030 4644
1031 4320
1032 3550
1033 6292
1034 2498
1035 5887
1036 854
1037 7395
1038 4550
1039 5835
1040 4179
1041 8061
1042 1954
1043 4882
1044 2872
1045 5902
1046 4324
1047 5089
1048 6440
1049 3641
1050 7349
1051 3381
1052 12023
1053 993
1054 17556
1055 662
1056 4560
1057 8048
1058 3085
1059 8234
1060 9521
1061 3998
1062 6385
1063 2782
1064 6353
1065 5192
1066 1611
1067 770
1068 3351
1069 5191
1070 8901
1071 711
1072 7207
1073 7266
1074 4888
1075 9031
1076 8496
1077 9044
1078 26071
1079 24721
1080 25627
1081 9101
1082 7625
1083 9062
1084 8318
1085 9075
1086 9126
1087 9129
1088 9131
1089 21253
1090 9267
1091 9058
1092 7154
1093 7167
1094 5248
1095 1256
1096 11053
1097 9142
1098 9190
1099 9296
1100 9355
1101 9371
1102 8857
1103 9409
1104 5878
1105 9484
1106 9422
1107 16581
1108 8449
1109 9438
1110 4967
1111 9460
1112 9481
1113 42704
1114 9529
1115 5880
1116 5876
1117 8554
1118 9565
1119 7616
1120 9824
1121 9914
1122 12489
1123 6307
1124 4974
1125 9617
1126 8923
1127 9672
1128 8137
1129 6441
1130 63690
1131 9502
1132 974
1133 7951
1134 9564
1135 16140
1136 9676
1137 10468
1138 9412
1139 9787
1140 1264
1141 9526
1142 9867
1143 9873
1144 9845
1145 9903
1146 9921
1147 9934
1148 9935
1149 59346
1150 9359
1151 23660
1152 1502
1153 9966
1154 9970
1155 4573
1156 71990
1157 9070
1158 9318
1159 9204
1160 9897
1161 10048
1162 10050
1163 9974
1164 2617
1165 9886
1166 10138
1167 10158
1168 9719
1169 9082
1170 10148
1171 9942
1172 10207
1173 10195
1174 4652
1175 9960
1176 2170
1177 10196
1178 10347
1179 9541
1180 10342
1181 42641
1182 10113
1183 10262
1184 10289
1185 3864
1186 15942
1187 10422
1188 10448
1189 10447
1190 10455
1191 10490
1192 10480
1193 550
1194 5004
1195 10635
1196 76820
1197 10657
1198 10660
1199 9604
1200 10336
1201 40456
1202 10517
1203 10598
1204 11152
1205 9018
1206 10786
1207 8435
1208 3832
1209 143152
1210 10833
1211 10725
1212 29174
1213 10905
1214 9594
1215 10755
1216 10941
1217 10965
1218 128779
1219 10340
1220 11012
1221 11013
1222 10696
1223 11083
1224 9173
1225 11091
1226 2962
1227 11118
1228 7111
1229 11133
1230 9244
1231 31965
1232 7665
1233 581
1234 10646
1235 11176
1236 8850
1237 12041
1238 11364
1239 11389
1240 11408
1241 10068
1242 110781
1243 11449
1244 11452
1245 11050
1246 726
1247 11326
1248 21441
1249 11588
1250 11631
1251 11637
1252 11582
1253 11625
1254 11701
1255 11707
1256 11708
1257 11696
1258 7870
1259 4926
1260 7348
1261 11740
1262 11757
1263 11945
1264 5050
1265 11821
1266 11827
1267 11943
1268 11529
1269 6605
1270 29483
1271 45533
1272 11952
1273 11987
1274 730
1275 11818
1276 16035
1277 7787
1278 10435
1279 12053
1280 12094
1281 12395
1282 12398
1283 12097
1284 9749
1285 12136
1286 8821
1287 11930
1288 12185
1289 12151
1290 10352
1291 11890
1292 10983
1293 8797
1294 30185
1295 12262
1296 10811
1297 12312
1298 5393
1299 12350
1300 12393
1301 7692
1302 11547
1303 29216
1304 12396
1305 24683
1306 31119
1307 12377
1308 12720
1309 16409
1310 12951
1311 6581
1312 14182
1313 69098
1314 12669
1315 11645
1316 8014
1317 12533
1318 11657
1319 134658
1320 11869
1321 12606
1322 8160
1323 12623
1324 12349
1325 12447
1326 7712
1327 36246
1328 57154
1329 12250
1330 12762
1331 12787
1332 12765
1333 12619
1334 4455
1335 12502
1336 12781
1337 12729
1338 12793
1339 11527
1340 22278
1341 12655
1342 5291
1343 151236
1344 11785
1345 12884
1346 34937
1347 77809
1348 12495
1349 12957
1350 12981
1351 10938
1352 8869
1353 13000
1354 12808
1355 9347
1356 11212
1357 14018
1358 14065
1359 14079
1360 13016
1361 81917
1362 198887
1363 14095
1364 6319
1365 105445
1366 9437
1367 2260
1368 25301
1369 6735
1370 14134
1371 11933
1372 10456
1373 68067
1374 109683
1375 45218
1376 7385
1377 14174
1378 14204
1379 11833
1380 14250
1381 12798
1382 14263
1383 7403
1384 14279
1385 14275
1386 98634
1387 14285
1388 14292
1389 1673
1390 10889
1391 6764
1392 10712
1393 14337
1394 25678
1395 735
1396 442
1397 14400
1398 14089
1399 14414
1400 14454
1401 14474
1402 15528
1403 15735
1404 126806
1405 14494
1406 56960
1407 14105
1408 15576
1409 12513
1410 15584
1411 4535
1412 15606
1413 14473
1414 25420
1415 7600
1416 15741
1417 15742
1418 15764
1419 31635
1420 12696
1421 902
1422 5077
1423 12934
1424 10334
1425 15825
1426 12613
1427 15828
1428 15830
1429 9920
1430 32169
1431 12909
1432 22360
1433 12906
1434 9784
1435 23389
1436 15901
1437 15629
1438 15919
1439 20715
1440 15963
1441 16004
1442 8916
1443 15699
1444 3857
1445 11368
1446 6461
1447 6365
1448 16133
1449 7460
1450 73720
1451 14445
1452 9174
1453 12592
1454 8758
1455 22406
1456 10052
1457 24116
1458 16359
1459 16115
1460 15684
1461 6887
1462 11712
1463 4206
1464 16458
1465 16459
1466 16334
1467 67710
1468 40358
1469 16493
1470 16435
1471 10414
1472 16571
1473 16576
1474 16591
1475 10915
1476 16630
1477 12382
1478 16689
1479 16432
1480 15933
1481 11076
1482 16652
1483 17497
1484 16668
1485 6761
1486 17320
1487 16714
1488 16776
1489 16794
1490 16785
1491 12019
1492 9030
1493 16871
1494 16872
1495 16878
1496 14098
1497 5810
1498 12478
1499 23016
1500 16919
1501 16982
1502 15543
1503 16995
1504 16773
1505 21944
1506 9786
1507 12727
1508 17068
1509 17133
1510 153534
1511 47511
1512 17249
1513 16725
1514 12572
1515 17198
1516 17311
1517 17324
1518 17441
1519 16843
1520 23515
1521 17504
1522 17584
1523 17581
1524 5901
1525 11220
1526 25102
1527 6509
1528 17645
1529 9643
1530 16064
1531 18815
1532 17308
1533 18824
1534 18788
1535 19853
1536 18764
1537 16434
1538 19991
1539 20003
1540 19841
1541 12204
1542 4952
1543 19925
1544 63002
1545 7285
1546 20164
1547 20178
1548 28092
1549 20190
1550 19945
1551 24038
1552 20032
1553 5620
1554 9662
1555 20335
1556 19976
1557 5079
1558 29454
1559 20378
1560 45801
1561 20695
1562 5455
1563 10642
1564 10335
1565 20794
1566 16077
1567 20810
1568 20841
1569 20842
1570 20871
1571 20906
1572 18685
1573 44176
1574 21006
1575 20954
1576 8236
1577 20947
1578 18800
1579 4993
1580 12475
1581 17374
1582 17609
1583 671
1584 20533
1585 21144
1586 20967
1587 35220
1588 21155
1589 21160
1590 16281
1591 17338
1592 20779
1593 2473
1594 20235
1595 960
1596 6312
1597 21146
1598 10909
1599 20848
1600 123188
1601 14233
1602 30522
1603 21330
1604 21363
1605 21123
1606 21361
1607 10100
1608 16191
1609 21308
1610 21374
1611 21299
1612 21068
1613 7182
1614 21549
1615 10304
1616 27750
1617 20409
1618 21600
1619 927
1620 21692
1621 36028
1622 12878
1623 21733
1624 21742
1625 9023
1626 21754
1627 20782
1628 143016
1629 25349
1630 6170
1631 21963
1632 21108
1633 15911
1634 22131
1635 11831
1636 11668
1637 21337
1638 12874
1639 21270
1640 9748
1641 22148
1642 20263
1643 12910
1644 22212
1645 22227
1646 22229
1647 9181
1648 17623
1649 22354
1650 20267
1651 22494
1652 20059
1653 18740
1654 14214
1655 24452
1656 20168
1657 22463
1658 5326
1659 10788
1660 88899
1661 14091
1662 22423
1663 9480
1664 16941
1665 21169
1666 532
1667 22570
1668 6316
1669 26140
1670 189469
1671 22643
1672 20592
1673 22692
1674 17201
1675 22698
1676 20330
1677 22727
1678 20250
1679 22560
1680 22786
1681 12234
1682 22812
1683 7128
1684 22150
1685 22725
1686 22834
1687 56364
1688 7596
1689 22870
1690 22908
1691 1224
1692 20311
1693 22943
1694 33968
1695 22998
1696 11633
1697 22830
1698 22892
1699 23031
1700 23056
1701 23029
1702 22365
1703 22623
1704 22381
1705 8163
1706 23131
1707 23158
1708 9780
1709 17607
1710 15615
1711 10001
1712 20899
1713 23272
1714 22023
1715 20633
1716 22810
1717 16015
1718 130302
1719 23328
1720 22399
1721 23253
1722 17565
1723 20985
1724 22720
1725 23431
1726 38216
1727 235507
1728 24124
1729 24773
1730 12907
1731 76931
1732 22302
1733 23551
1734 23559
1735 15672
1736 22334
1737 23639
1738 23339
1739 23492
1740 22320
1741 17173
1742 23107
1743 21341
1744 6029
1745 23898
1746 16114
1747 21487
1748 23873
1749 16802
1750 23941
1751 3131
1752 21712
1753 23677
1754 21436
1755 22964
1756 21817
1757 20590
1758 23984
1759 24138
1760 21904
1761 24285
1762 24302
1763 21994
1764 24156
1765 2723
1766 23134
1767 24233
1768 24495
1769 70551
1770 24476
1771 71627
1772 15638
1773 24526
1774 10236
1775 24502
1776 20071
1777 24610
1778 26505
1779 15766
1780 9167
1781 23564
1782 20327
1783 24719
1784 46708
1785 20778
1786 12958
1787 24314
1788 4545
1789 25168
1790 8169
1791 24864
1792 24705
1793 24791
1794 14
1795 24812
1796 24946
1797 21843
1798 23886
1799 57780
1800 6848
1801 12214
1802 25089
1803 12240
1804 8142
1805 24913
1806 52394
1807 148751
1808 17341
1809 32245
1810 20455
1811 24571
1812 25228
1813 23754
1814 20155
1815 20703
1816 22140
1817 25175
1818 5494
1819 25319
1820 3253
1821 22626
1822 17215
1823 18693
1824 17204
1825 7260
1826 16464
1827 12563
1828 25504
1829 25508
1830 19950
1831 24689
1832 25617
1833 23937
1834 7896
1835 26363
1836 25671
1837 25793
1838 25729
1839 23816
1840 25894
1841 25932
1842 25999
1843 24066
1844 9397
1845 12436
1846 10098
1847 10613
1848 25925
1849 26122
1850 26181
1851 25575
1852 26243
1853 11120
1854 25352
1855 26263
1856 26062
1857 11751
1858 26410
1859 25069
1860 26418
1861 25176
1862 26429
1863 26239
1864 24983
1865 26545
1866 21495
1867 26597
1868 26630
1869 24619
1870 26438
1871 207910
1872 26664
1873 26791
1874 26804
1875 78842
1876 26857
1877 25664
1878 26864
1879 26847
1880 10881
1881 20898
1882 4530
1883 26875
1884 23651
1885 26930
1886 10896
1887 26866
1888 11213
1889 40737
1890 26979
1891 12980
1892 20747
1893 27005
1894 24594
1895 27052
1896 25403
1897 27064
1898 27120
1899 27080
1900 27112
1901 17427
1902 2322
1903 26264
1904 14320
1905 26026
1906 25680
1907 27232
1908 27048
1909 27265
1910 22254
1911 27279
1912 27278
1913 25735
1914 7913
1915 24978
1916 24042
1917 27310
1918 7656
1919 27456
1920 27370
1921 25907
1922 26437
1923 27546
1924 27653
1925 27244
1926 27714
1927 27732
1928 26687
1929 27862
1930 27884
1931 27858
1932 29944
1933 20973
1934 16842
1935 76830
1936 27882
1937 27746
1938 28050
1939 28080
1940 26499
1941 51873
1942 27753
1943 28107
1944 61930
1945 28137
1946 28160
1947 16283
1948 27411
1949 28161
1950 26419
1951 27826
1952 23752
1953 27680
1954 1864
1955 28546
1956 22897
1957 28768
1958 25151
1959 4428
1960 28823
1961 132157
1962 28919
1963 28936
1964 28942
1965 28954
1966 27489
1967 29018
1968 11484
1969 29118
1970 25980
1971 29183
1972 25299
1973 27661
1974 29392
1975 12408
1976 11471
1977 1193
1978 28244
1979 29978
1980 21741
1981 25957
1982 21256
1983 29669
1984 29660
1985 23202
1986 15559
1987 29733
1988 29747
1989 26074
1990 29759
1991 27216
1992 26955
1993 20884
1994 24653
1995 26690
1996 28172
1997 26686
1998 23635
1999 25794
2000 134153
2001 45292
2002 30146
2003 30136
2004 12736
2005 30162
2006 25861
2007 28147
2008 30246
2009 3763
2010 83398
2011 30276
2012 30365
2013 25701
2014 524
2015 23065
2016 30440
2017 30462
2018 28040
2019 29576
2020 28940
2021 30604
2022 30667
2023 30717
2024 29687
2025 20148
2026 30736
2027 16387
2028 29849
2029 3416
2030 28967
2031 30124
2032 23730
2033 22182
2034 25512
2035 30838
2036 26654
2037 37061
2038 29599
2039 108789
2040 30918
2041 30922
2042 21115
2043 30901
2044 31144
2045 140964
2046 28118
2047 28523
2048 30288
2049 43188
2050 29762
2051 31450
2052 31934
2053 31312
2054 30247
2055 7986
2056 31523
2057 31632
2058 17361
2059 56578
2060 31775
2061 11361
2062 31961
2063 26322
2064 31496
2065 29377
2066 32109
2067 24678
2068 12649
2069 32168
2070 26033
2071 8824
2072 32135
2073 31183
2074 31572
2075 32410
2076 33512
2077 8736
2078 33539
2079 16043
2080 23742
2081 23741
2082 33922
2083 29769
2084 33986
2085 34002
2086 27276
2087 22358
2088 28890
2089 24774
2090 20564
2091 26169
2092 30968
2093 34219
2094 21049
2095 33880
2096 34296
2097 29446
2098 43362
2099 38551
2100 34382
2101 29184
2102 31680
2103 34499
2104 32287
2105 24237
2106 34641
2107 34649
2108 34681
2109 34618
2110 34648
2111 30329
2112 31340
2113 34793
2114 34823
2115 34521
2116 15934
2117 22375
2118 19979
2119 34934
2120 27481
2121 20467
2122 34840
2123 34990
2124 31585
2125 34394
2126 20835
2127 35157
2128 56997
2129 35167
2130 30887
2131 21942
2132 30844
2133 32076
2134 98623
2135 35224
2136 35922
2137 37562
2138 57094
2139 35287
2140 29680
2141 34304
2142 19872
2143 35477
2144 27649
2145 20599
2146 35997
2147 135802
2148 37028
2149 32185
2150 25572
2151 85391
2152 15702
2153 12813
2154 35887
2155 21386
2156 36158
2157 35929
2158 35968
2159 35948
2160 29726
2161 23785
2162 35998
2163 31748
2164 29202
2165 28410
2166 36095
2167 22927
2168 36025
2169 23517
2170 72446
2171 34427
2172 36235
2173 36302
2174 8116
2175 27043
2176 36385
2177 16853
2178 36458
2179 29453
2180 32163
2181 36474
2182 36502
2183 36544
2184 30217
2185 24018
2186 34039
2187 20270
2188 36604
2189 31895
2190 31782
2191 9993
2192 57184
2193 108906
2194 36121
2195 50546
2196 85443
2197 36577
2198 31422
2199 30818
2200 36695
2201 26191
2202 36851
2203 36709
2204 36758
2205 15849
2206 37513
2207 146032
2208 36952
2209 36978
2210 19898
2211 29866
2212 36384
2213 36744
2214 37339
2215 36723
2216 26063
2217 37364
2218 35120
2219 25568
2220 37176
2221 37042
2222 35190
2223 19917
2224 111925
2225 37582
2226 37653
2227 37633
2228 37548
2229 10887
2230 52111
2231 28097
2232 37731
2233 37739
2234 37751
2235 37752
2236 37759
2237 37758
2238 37812
2239 22285
2240 37861
2241 37989
2242 34995
2243 33768
2244 37640
2245 36793
2246 24471
2247 28084
2248 26932
2249 38409
2250 36632
2251 35964
2252 23290
2253 38613
2254 38625
2255 30402
2256 20427
2257 37496
2258 38635
2259 36248
2260 38684
2261 35311
2262 29972
2263 37573
2264 29157
2265 38424
2266 38861
2267 3103
2268 36746
2269 37050
2270 26502
2271 11659
2272 25606
2273 27542
2274 89386
2275 38236
2276 32210
2277 35652
2278 47353
2279 38634
2280 38302
2281 23788
2282 10549
2283 40176
2284 300
2285 40222
2286 40229
2287 40278
2288 40282
2289 130253
2290 40353
2291 21737
2292 38865
2293 40492
2294 37273
2295 36559
2296 16672
2297 31381
2298 40667
2299 40777
2300 37070
2301 40829
2302 38453
2303 37390
2304 14234
2305 37510
2306 40832
2307 26834
2308 272
2309 132357
2310 38222
2311 26143
2312 68030
2313 17322
2314 28934
2315 14198
2316 16211
2317 102117
2318 41314
2319 46012
2320 40349
2321 84305
2322 41278
2323 30712
2324 25814
2325 29019
2326 37945
2327 10475
2328 40580
2329 41422
2330 9077
2331 99505
2332 40759
2333 30175
2334 38873
2335 41712
2336 41898
2337 41682
2338 41857
2339 41858
2340 42548
2341 42187
2342 36047
2343 41953
2344 3257
2345 42036
2346 9965
2347 32050
2348 36966
2349 87602
2350 42299
2351 40253
2352 42491
2353 42420
2354 42495
2355 41072
2356 42514
2357 42591
2358 40289
2359 42637
2360 35595
2361 36923
2362 35123
2363 40614
2364 31078
2365 42743
2366 32349
2367 35952
2368 42982
2369 14076
2370 28512
2371 41757
2372 10454
2373 41729
2374 41957
2375 43129
2376 14459
2377 28853
2378 42650
2379 41110
2380 58234
2381 185793
2382 45776
2383 34803
2384 43321
2385 42143
2386 36046
2387 42562
2388 28359
2389 38438
2390 26803
2391 42843
2392 16229
2393 24498
2394 43515
2395 24234
2396 24460
2397 43575
2398 31302
2399 43488
2400 38497
2401 36941
2402 43591
2403 37677
2404 52126
2405 59948
2406 27660
2407 21626
2408 43102
2409 41462
2410 43889
2411 43962
2412 43905
2413 42975
2414 41676
2415 22157
2416 29735
2417 43331
2418 40847
2419 42537
2420 44033
2421 44034
2422 118782
2423 20907
2424 44200
2425 44224
2426 26416
2427 26219
2428 30317
2429 933
2430 51889
2431 129525
2432 44018
2433 18721
2434 43897
2435 34669
2436 22770
2437 44364
2438 40930
2439 41008
2440 41066
2441 44557
2442 44516
2443 38111
2444 43793
2445 43072
2446 40021
2447 123186
2448 139673
2449 40945
2450 38242
2451 26098
2452 7484
2453 44822
2454 41147
2455 37789
2456 35399
2457 44952
2458 37779
2459 45031
2460 30695
2461 44025
2462 45164
2463 45023
2464 45125
2465 43610
2466 44205
2467 8983
2468 31984
2469 52741
2470 45221
2471 41771
2472 34302
2473 22637
2474 45246
2475 44629
2476 15997
2477 45267
2478 29580
2479 37286
2480 45467
2481 41996
2482 40441
2483 45624
2484 23278
2485 9927
2486 52914
2487 30212
2488 45672
2489 45702
2490 30795
2491 45100
2492 40394
2493 16554
2494 36589
2495 45728
2496 23172
2497 45770
2498 45786
2499 59023
2500 10024
2501 41158
2502 23975
2503 40382
2504 45927
2505 45932
2506 34628
2507 44900
2508 204634
2509 46037
2510 45557
2511 46059
2512 45784
2513 2447
2514 49026
2515 150551
2516 15797
2517 44026
2518 46239
2519 8223
2520 45504
2521 46251
2522 44239
2523 44257
2524 22829
2525 46396
2526 43402
2527 32426
2528 45735
2529 38055
2530 46522
2531 22498
2532 46585
2533 42377
2534 40688
2535 38294
2536 46602
2537 44576
2538 46604
2539 41799
2540 46643
2541 46707
2542 35734
2543 30245
2544 46728
2545 42532
2546 46291
2547 40560
2548 46809
2549 46859
2550 46147
2551 44216
2552 43728
2553 11000
2554 46304
2555 37182
2556 44558
2557 20557
2558 46530
2559 122574
2560 46853
2561 46862
2562 10027
2563 49019
2564 48802
2565 47304
2566 41615
2567 38159
2568 47311
2569 42999
2570 16427
2571 47332
2572 46233
2573 32271
2574 35891
2575 42771
2576 48651
2577 46399
2578 3107
2579 24140
2580 48655
2581 21420
2582 48657
2583 48740
2584 5963
2585 48733
2586 29074
2587 37816
2588 38069
2589 17264
2590 48918
2591 49040
2592 48952
2593 48989
2594 49054
2595 43734
2596 44013
2597 49125
2598 45916
2599 44709
2600 14050
2601 43847
2602 50419
2603 45649
2604 46790
2605 21017
2606 48745
2607 50647
2608 50703
2609 21920
2610 47559
2611 41010
2612 12291
2613 50764
2614 47293
2615 51896
2616 45039
2617 38746
2618 43055
2619 10261
2620 20116
2621 50745
2622 51990
2623 51992
2624 5971
2625 41566
2626 38666
2627 52082
2628 51948
2629 26044
2630 45306
2631 52088
2632 49105
2633 52161
2634 52234
2635 31316
2636 52318
2637 77475
2638 41250
2639 25697
2640 52406
2641 44513
2642 45539
2643 38601
2644 52521
2645 52543
2646 52555
2647 36188
2648 52569
2649 52583
2650 55703
2651 31335
2652 55790
2653 52682
2654 40854
2655 31732
2656 52668
2657 52719
2658 52728
2659 40365
2660 52647
2661 37134
2662 73020
2663 52959
2664 52580
2665 45586
2666 48663
2667 43233
2668 34984
2669 52897
2670 52787
2671 37632
2672 50207
2673 42337
2674 52768
2675 53120
2676 40773
2677 35837
2678 45095
2679 44338
2680 53175
2681 46758
2682 55264
2683 40621
2684 132190
2685 38674
2686 46211
2687 46712
2688 55303
2689 46542
2690 41263
2691 28924
2692 77210
2693 55503
2694 55484
2695 53113
2696 33635
2697 55610
2698 55621
2699 55662
2700 9083
2701 58132
2702 43495
2703 50535
2704 55791
2705 44119
2706 45688
2707 55675
2708 26539
2709 55845
2710 45640
2711 55921
2712 47432
2713 28258
2714 55930
2715 26911
2716 55932
2717 55945
2718 55970
2719 55949
2720 52962
2721 22387
2722 34207
2723 37556
2724 41448
2725 51843
2726 56308
2727 51971
2728 48784
2729 21218
2730 56293
2731 43412
2732 56328
2733 50515
2734 56220
2735 56511
2736 56515
2737 35083
2738 34264
2739 51988
2740 55751
2741 56571
2742 45907
2743 56299
2744 50322
2745 55991
2746 16731
2747 56572
2748 56699
2749 70207
2750 50712
2751 56871
2752 56565
2753 45693
2754 51979
2755 56924
2756 57069
2757 57074
2758 55893
2759 56925
2760 28370
2761 57116
2762 44499
2763 50465
2764 50154
2765 30475
2766 44346
2767 49135
2768 57157
2769 42047
2770 57217
2771 57243
2772 31129
2773 27103
2774 31264
2775 57285
2776 57291
2777 50559
2778 26415
2779 57491
2780 42664
2781 17516
2782 1792
2783 57584
2784 53021
2785 57666
2786 19857
2787 57866
2788 52590
2789 165813
2790 23013
2791 57824
2792 58009
2793 6835
2794 58069
2795 23161
2796 58081
2797 56452
2798 40876
2799 58059
2800 26357
2801 58230
2802 57940
2803 57640
2804 29532
2805 58292
2806 49024
2807 58329
2808 14164
2809 58326
2810 58193
2811 58401
2812 45075
2813 58442
2814 5953
2815 58490
2816 37033
2817 57595
2818 57146
2819 57252
2820 125285
2821 57948
2822 52805
2823 43364
2824 55909
2825 40023
2826 51970
2827 58723
2828 20669
2829 58801
2830 49074
2831 25843
2832 58867
2833 56376
2834 40164
2835 58928
2836 58937
2837 142657
2838 37626
2839 32228
2840 59022
2841 33849
2842 58877
2843 52655
2844 56263
2845 59151
2846 46464
2847 45476
2848 23641
2849 29865
2850 85448
2851 43105
2852 50509
2853 59258
2854 10293
2855 56872
2856 9052
2857 56326
2858 59626
2859 59673
2860 5279
2861 17489
2862 35268
2863 41376
2864 115391
2865 117446
2866 148444
2867 62434
2868 58082
2869 31790
2870 45828
2871 26665
2872 59897
2873 59437
2874 59949
2875 59953
2876 45613
2877 57797
2878 60032
2879 59836
2880 46740
2881 59993
2882 41129
2883 60107
2884 22316
2885 65081
2886 57998
2887 60201
2888 58348
2889 60212
2890 60228
2891 59969
2892 58152
2893 58569
2894 60346
2895 59161
2896 60433
2897 16272
2898 59523
2899 56553
2900 57834
2901 60628
2902 60700
2903 31231
2904 57517
2905 27574
2906 41092
2907 59623
2908 43062
2909 72649
2910 40342
2911 62045
2912 62091
2913 62094
2914 20094
2915 59729
2916 25851
2917 62173
2918 57303
2919 34182
2920 62310
2921 57218
2922 35006
2923 59998
2924 43607
2925 40569
2926 53172
2927 59444
2928 59406
2929 30833
2930 62519
2931 45874
2932 47486
2933 40408
2934 62605
2935 10226
2936 62651
2937 62730
2938 42309
2939 75876
2940 86496
2941 31637
2942 41637
2943 62989
2944 37452
2945 63067
2946 62965
2947 21133
2948 42116
2949 63240
2950 40686
2951 7051
2952 4039
2953 87635
2954 63260
2955 21529
2956 63445
2957 45414
2958 46698
2959 10612
2960 63448
2961 62326
2962 38259
2963 60857
2964 42293
2965 63517
2966 63438
2967 62952
2968 63533
2969 46162
2970 42327
2971 70293
2972 2818
2973 48856
2974 76162
2975 63717
2976 53083
2977 63794
2978 63818
2979 50622
2980 60080
2981 63882
2982 64003
2983 15996
2984 6813
2985 59644
2986 27500
2987 40606
2988 52149
2989 59307
2990 52996
2991 64025
2992 22207
2993 43101
2994 14087
2995 64157
2996 50227
2997 63394
2998 64108
2999 63547
3000 46310
3001 62862
3002 64497
3003 63535
3004 64574
3005 20667
3006 64603
3007 64624
3008 57777
3009 64673
3010 64695
3011 6466
3012 71618
3013 82228
3014 64864
3015 64874
3016 64880
3017 31227
3018 23179
3019 34663
3020 31258
3021 30370
3022 65066
3023 43768
3024 26127
3025 63886
3026 65015
3027 65077
3028 57317
3029 87611
3030 45447
3031 64082
3032 50809
3033 65076
3034 65055
3035 37607
3036 57075
3037 65140
3038 65166
3039 65242
3040 16107
3041 63858
3042 47091
3043 63023
3044 103041
3045 65526
3046 9684
3047 65617
3048 55969
3049 11835
3050 65672
3051 65722
3052 65780
3053 65811
3054 65771
3055 63767
3056 65706
3057 33807
3058 65873
3059 65159
3060 63384
3061 63055
3062 65823
3063 28544
3064 63388
3065 14073
3066 63250
3067 65221
3068 62834
3069 66174
3070 45854
3071 66180
3072 66272
3073 66313
3074 24284
3075 23300
3076 66275
3077 34274
3078 66376
3079 66378
3080 26918
3081 66350
3082 66500
3083 38781
3084 35821
3085 65616
3086 52772
3087 82919
3088 65708
3089 63691
3090 67627
3091 65588
3092 62116
3093 59273
3094 62868
3095 67846
3096 4962
3097 57915
3098 64348
3099 67953
3100 67833
3101 41007
3102 67987
3103 57434
3104 67531
3105 68137
3106 66152
3107 67726
3108 68179
3109 68181
3110 67685
3111 68194
3112 68216
3113 25354
3114 35736
3115 37179
3116 25343
3117 75518
3118 40168
3119 68904
3120 68909
3121 63057
3122 62726
3123 68979
3124 67825
3125 27934
3126 68549
3127 57610
3128 25264
3129 69118
3130 64473
3131 65074
3132 69145
3133 65290
3134 59186
3135 67847
3136 42300
3137 43698
3138 46995
3139 58382
3140 66165
3141 68948
3142 64329
3143 44498
3144 70604
3145 70429
3146 70779
3147 63798
3148 3982
3149 67907
3150 70392
3151 32149
3152 68836
3153 59208
3154 63410
3155 44612
3156 62755
3157 31337
3158 71407
3159 71421
3160 67774
3161 47472
3162 35403
3163 28197
3164 24089
3165 71514
3166 28464
3167 56321
3168 70289
3169 55856
3170 311
3171 46450
3172 59322
3173 51934
3174 71862
3175 71897
3176 60872
3177 59058
3178 118449
3179 46227
3180 57925
3181 68611
3182 52575
3183 45186
3184 47126
3185 56876
3186 59805
3187 36574
3188 70582
3189 72047
3190 58338
3191 73164
3192 8533
3193 73243
3194 68416
3195 73206
3196 73184
3197 73353
3198 73381
3199 65728
3200 71145
3201 1555
3202 68860
3203 73802
3204 73798
3205 37102
3206 7612
3207 25908
3208 63698
3209 74039
3210 43294
3211 42892
3212 74040
3213 74053
3214 53173
3215 52988
3216 44881
3217 72766
3218 73010
3219 60658
3220 74387
3221 74432
3222 72068
3223 71122
3224 74499
3225 63637
3226 59991
3227 74626
3228 74575
3229 74451
3230 73626
3231 74685
3232 74717
3233 35297
3234 74909
3235 71793
3236 26827
3237 74763
3238 29419
3239 60842
3240 68743
3241 64166
3242 74807
3243 75333
3244 74564
3245 28227
3246 27123
3247 71841
3248 72204
3249 68335
3250 40644
3251 59724
3252 75600
3253 67949
3254 22596
3255 75679
3256 74879
3257 73762
3258 64268
3259 76396
3260 75628
3261 52514
3262 76428
3263 114696
3264 111581
3265 74241
3266 76405
3267 68969
3268 19980
3269 76712
3270 42117
3271 76807
3272 76357
3273 37236
3274 76986
3275 47634
3276 77089
3277 73490
3278 112909
3279 77111
3280 72228
3281 75397
3282 76984
3283 75038
3284 77446
3285 77310
3286 57961
3287 77592
3288 43712
3289 77814
3290 72299
3291 66442
3292 74944
3293 26129
3294 61966
3295 8494
3296 10762
3297 42887
3298 78070
3299 78226
3300 73864
3301 78254
3302 72139
3303 77505
3304 77542
3305 59527
3306 77786
3307 79217
3308 78631
3309 60667
3310 68645
3311 77102
3312 78757
3313 78762
3314 75502
3315 78919
3316 76233
3317 77679
3318 64747
3319 65173
3320 153814
3321 79039
3322 79000
3323 78108
3324 79199
3325 72659
3326 79212
3327 51930
3328 78942
3329 79368
3330 78813
3331 58482
3332 71868
3333 74393
3334 76589
3335 63672
3336 22239
3337 23679
3338 80714
3339 52691
3340 71894
3341 95830
3342 22646
3343 65161
3344 80706
3345 80818
3346 52853
3347 75057
3348 81321
3349 81328
3350 81351
3351 78259
3352 53098
3353 78776
3354 68278
3355 81419
3356 81524
3357 81236
3358 81757
3359 81330
3360 53062
3361 64376
3362 1280
3363 82215
3364 55841
3365 81804
3366 74850
3367 65263
3368 63420
3369 6690
3370 18778
3371 81133
3372 55225
3373 77737
3374 53026
3375 45835
3376 52648
3377 80673
3378 82554
3379 57422
3380 82646
3381 82685
3382 94772
3383 82747
3384 72125
3385 52072
3386 82958
3387 62872
3388 68592
3389 70710
3390 82553
3391 83275
3392 40357
3393 83336
3394 82528
3395 81952
3396 83478
3397 78980
3398 55421
3399 77928
3400 10579
3401 83711
3402 83802
3403 46199
3404 53077
3405 82473
3406 83988
3407 71860
3408 33504
3409 78466
3410 84334
3411 28952
3412 71328
3413 84517
3414 83735
3415 84696
3416 67977
3417 65773
3418 94322
3419 79485
3420 84966
3421 71740
3422 73685
3423 27367
3424 70454
3425 70236
3426 37035
3427 84488
3428 85267
3429 45177
3430 66515
3431 70708
3432 73900
3433 83267
3434 85645
3435 85677
3436 43360
3437 74534
3438 85967
3439 85968
3440 85986
3441 85970
3442 85964
3443 71784
3444 77010
3445 42305
3446 10408
3447 59052
3448 45232
3449 86230
3450 86603
3451 86722
3452 77091
3453 86804
3454 58602
3455 40173
3456 29924
3457 77208
3458 86340
3459 86917
3460 86998
3461 77703
3462 38593
3463 56485
3464 66041
3465 83501
3466 63290
3467 87676
3468 70242
3469 59281
3470 88871
3471 90887
3472 35445
3473 131034
3474 89119
3475 63694
3476 89080
3477 25464
3478 86889
3479 87600
3480 87710
3481 89161
3482 89167
3483 3773
3484 12245
3485 89391
3486 89415
3487 81048
3488 79423
3489 81404
3490 55341
3491 79371
3492 88885
3493 68943
3494 89689
3495 57676
3496 86781
3497 61948
3498 85397
3499 90023
3500 90081
3501 85785
3502 87624
3503 45019
3504 45837
3505 76885
3506 89877
3507 89965
3508 86769
3509 90355
3510 92630
3511 90415
3512 58316
3513 115736
3514 86812
3515 58448
3516 98263
3517 90886
3518 41078
3519 91948
3520 59284
3521 36562
3522 92168
3523 87190
3524 92817
3525 38828
3526 66201
3527 84017
3528 84975
3529 68620
3530 85324
3531 92956
3532 86822
3533 92555
3534 50694
3535 92981
3536 83476
3537 90383
3538 78180
3539 93530
3540 82798
3541 94009
3542 6073
3543 65332
3544 89073
3545 94305
3546 80878
3547 83545
3548 30181
3549 92346
3550 79444
3551 93280
3552 95149
3553 95108
3554 65837
3555 73214
3556 94972
3557 92265
3558 72487
3559 95207
3560 62859
3561 30005
3562 62661
3563 81818
3564 76815
3565 83042
3566 94771
3567 82377
3568 77741
3569 96240
3570 96675
3571 96797
3572 96425
3573 94702
3574 96157
3575 139177
3576 96173
3577 86244
3578 50480
3579 60472
3580 21248
3581 78672
3582 93237
3583 9606
3584 73380
3585 78868
3586 44984
3587 83835
3588 67976
3589 98027
3590 81146
3591 93522
3592 98308
3593 97792
3594 98561
3595 93423
3596 94257
3597 84977
3598 76704
3599 92883
3600 99145
3601 93451
3602 98793
3603 97957
3604 99226
3605 43164
3606 38010
3607 99386
3608 99855
3609 89797
3610 66015
3611 100052
3612 206096
3613 100026
3614 25167
3615 95576
3616 100459
3617 16371
3618 89140
3619 100426
3620 58975
3621 52294
3622 73136
3623 96054
3624 10319
3625 99740
3626 90098
3627 101320
3628 101298
3629 101479
3630 111915
3631 101867
3632 101908
3633 92700
3634 40266
3635 148704
3636 100529
3637 101986
3638 100556
3639 60530
3640 77980
3641 78810
3642 102725
3643 60766
3644 24738
3645 99370
3646 61964
3647 45384
3648 98358
3649 70842
3650 85132
3651 94031
3652 102546
3653 37630
3654 89783
3655 45627
3656 69031
3657 103729
3658 89220
3659 23352
3660 90893
3661 102947
3662 77435
3663 104248
3664 89329
3665 74069
3666 101770
3667 77496
3668 101954
3669 83663
3670 77368
3671 65110
3672 12068
3673 56987
3674 104639
3675 104713
3676 104635
3677 101965
3678 104696
3679 105352
3680 105275
3681 41680
3682 98940
3683 83425
3684 105895
3685 105590
3686 21502
3687 105907
3688 106905
3689 99567
3690 105973
3691 100321
3692 78230
3693 90248
3694 84150
3695 94109
3696 96487
3697 90491
3698 106487
3699 106504
3700 106330
3701 106502
3702 106526
3703 103999
3704 106707
3705 77476
3706 47594
3707 102232
3708 22412
3709 46486
3710 106205
3711 4272
3712 95440
3713 104481
3714 107007
3715 107029
3716 354
3717 107153
3718 106260
3719 43987
3720 185643
3721 108473
3722 108414
3723 62211
3724 50770
3725 70239
3726 108778
3727 103346
3728 109254
3729 109276
3730 109657
3731 110417
3732 7456
3733 29899
3734 93749
3735 75706
3736 46900
3737 110509
3738 105987
3739 57604
3740 75925
3741 67712
3742 92085
3743 106192
3744 85736
3745 110834
3746 102639
3747 110929
3748 181319
3749 111173
3750 111525
3751 109968
3752 111697
3753 99363
3754 26600
3755 7424
3756 86846
3757 25629
3758 111969
3759 106620
3760 75777
3761 112041
3762 43762
3763 63559
3764 112205
3765 112207
3766 101660
3767 64286
3768 107160
3769 86076
3770 93764
3771 109538
3772 27291
3773 82301
3774 112768
3775 112190
3776 111561
3777 111505
3778 106752
3779 113242
3780 77452
3781 74314
3782 139781
3783 140002
3784 86759
3785 87483
3786 83931
3787 107112
3788 105680
3789 110669
3790 76666
3791 94761
3792 113756
3793 109849
3794 109357
3795 44807
3796 133661
3797 114562
3798 6741
3799 105655
3800 113350
3801 85068
3802 45821
3803 114723
3804 46415
3805 4359
3806 68410
3807 114841
3808 114937
3809 111055
3810 65843
3811 90283
3812 35305
3813 115374
3814 99285
3815 113654
3816 115553
3817 99403
3818 115586
3819 37911
3820 55657
3821 93711
3822 115186
3823 97890
3824 62835
3825 115834
3826 68136
3827 113338
3828 92343
3829 93022
3830 115976
3831 105136
3832 110116
3833 114810
3834 64170
3835 115244
3836 89597
3837 51950
3838 56073
3839 75567
3840 89318
3841 114550
3842 86073
3843 93729
3844 109742
3845 100776
3846 117333
3847 55597
3848 114200
3849 117668
3850 117799
3851 104866
3852 116799
3853 108533
3854 70891
3855 116905
3856 114472
3857 235345
3858 114247
3859 117719
3860 81003
3861 109123
3862 102243
3863 23008
3864 116677
3865 18720
3866 77364
3867 43783
3868 80687
3869 100142
3870 118178
3871 56184
3872 16767
3873 118295
3874 118066
3875 98068
3876 25750
3877 107211
3878 46455
3879 118678
3880 115887
3881 116303
3882 97235
3883 104567
3884 92262
3885 110700
3886 116591
3887 90568
3888 119125
3889 102308
3890 2307
3891 43177
3892 119220
3893 117789
3894 118819
3895 56008
3896 106736
3897 118109
3898 113134
3899 118847
3900 89504
3901 84895
3902 14088
3903 5033
3904 97616
3905 120582
3906 111951
3907 115157
3908 11459
3909 119172
3910 46863
3911 96973
3912 121239
3913 28496
3914 83380
3915 165299
3916 118790
3917 27209
3918 117909
3919 100527
3920 75387
3921 121464
3922 40545
3923 60046
3924 121000
3925 116392
3926 95629
3927 121760
3928 62295
3929 108333
3930 87725
3931 46512
3932 105413
3933 60644
3934 118416
3935 109928
3936 101134
3937 108612
3938 75821
3939 40840
3940 100640
3941 77326
3942 109388
3943 101864
3944 76573
3945 115953
3946 72900
3947 68673
3948 93982
3949 32023
3950 122672
3951 112051
3952 120836
3953 71440
3954 122556
3955 122066
3956 111661
3957 122832
3958 37440
3959 122781
3960 42794
3961 111067
3962 24470
3963 114390
3964 56807
3965 101785
3966 86051
3967 123245
3968 112310
3969 121235
3970 28265
3971 97161
3972 111670
3973 101555
3974 123558
3975 98688
3976 124244
3977 123779
3978 123813
3979 5874
3980 123879
3981 123851
3982 115992
3983 123898
3984 123936
3985 122043
3986 123971
3987 81625
3988 94260
3989 24157
3990 124039
3991 124147
3992 75365
3993 90693
3994 122687
3995 123236
3996 80594
3997 124547
3998 124435
3999 124589
4000 59027
4001 55261
4002 92654
4003 124613
4004 10381
4005 12150
4006 112507
4007 122579
4008 42453
4009 72875
4010 124883
4011 58110
4012 94350
4013 96636
4014 125101
4015 121181
4016 124904
4017 124834
4018 115480
4019 83405
4020 122044
4021 22185
4022 121440
4023 47033
4024 97397
4025 120802
4026 124141
4027 125265
4028 60891
4029 103303
4030 126634
4031 125321
4032 70958
4033 122958
4034 35100
4035 40669
4036 47351
4037 76595
4038 101312
4039 149880
4040 126999
4041 126919
4042 5512
4043 95688
4044 87355
4045 127147
4046 124352
4047 117677
4048 127174
4049 89403
4050 127521
4051 118021
4052 114622
4053 120730
4054 107200
4055 115879
4056 48770
4057 127620
4058 127739
4059 127750
4060 102285
4061 128087
4062 94353
4063 127807
4064 37350
4065 78574
4066 115037
4067 127911
4068 127923
4069 127955
4070 127972
4071 59003
4072 121985
4073 128265
4074 47360
4075 34342
4076 128378
4077 99913
4078 95976
4079 128592
4080 113419
4081 57983
4082 93009
4083 127427
4084 120818
4085 6422
4086 110311
4087 97132
4088 90492
4089 129259
4090 68965
4091 60906
4092 58692
4093 124896
4094 129414
4095 129503
4096 129559
4097 86355
4098 55800
4099 73809
4100 129978
4101 129433
4102 59964
4103 127814
4104 130255
4105 130264
4106 130091
4107 90744
4108 130684
4109 127203
4110 156
4111 114627
4112 130868
4113 105888
4114 36360
4115 20281
4116 131284
4117 118921
4118 94041
4119 17547
4120 127086
4121 116059
4122 131873
4123 95248
4124 123649
4125 98011
4126 34308
4127 12117
4128 26704
4129 132233
4130 132227
4131 132388
4132 132566
4133 127786
4134 132660
4135 129209
4136 28745
4137 132898
4138 123046
4139 73458
4140 109338
4141 41592
4142 129056
4143 126917
4144 26061
4145 124897
4146 132229
4147 128861
4148 27454
4149 122455
4150 117533
4151 108554
4152 133633
4153 97831
4154 30466
4155 133318
4156 133796
4157 89260
4158 99277
4159 76619
4160 41178
4161 133927
4162 131602
4163 132789
4164 29177
4165 74427
4166 78194
4167 133923
4168 114474
4169 134340
4170 134178
4171 134195
4172 134504
4173 77669
4174 111056
4175 132107
4176 105637
4177 130268
4178 135008
4179 121677
4180 80618
4181 117029
4182 46051
4183 134764
4184 55689
4185 123183
4186 44169
4187 68279
4188 28468
4189 65035
4190 113809
4191 116669
4192 135116
4193 49022
4194 135842
4195 135145
4196 136302
4197 118188
4198 130986
4199 134537
4200 82480
4201 139543
4202 45253
4203 209544
4204 136804
4205 136899
4206 136407
4207 58319
4208 72171
4209 41998
4210 133249
4211 137289
4212 125333
4213 137267
4214 137035
4215 135989
4216 115574
4217 136463
4218 123260
4219 137553
4220 120513
4221 138000
4222 130611
4223 101386
4224 138162
4225 135334
4226 138220
4227 128146
4228 138242
4229 911
4230 111476
4231 93192
4232 83721
4233 138509
4234 103560
4235 136719
4236 132371
4237 139635
4238 139652
4239 133629
4240 136363
4241 82010
4242 139706
4243 72043
4244 106713
4245 129342
4246 76892
4247 92744
4248 139956
4249 100281
4250 129089
4251 140031
4252 113699
4253 140114
4254 101188
4255 138439
4256 140206
4257 140223
4258 136152
4259 140084
4260 119161
4261 92400
4262 140371
4263 140361
4264 135315
4265 70545
4266 124263
4267 128264
4268 52332
4269 42480
4270 140553
4271 99654
4272 66395
4273 70192
4274 141052
4275 138661
4276 140858
4277 127875
4278 121888
4279 128186
4280 4836
4281 141331
4282 93604
4283 140807
4284 141628
4285 141545
4286 121763
4287 42070
4288 141673
4289 131821
4290 141240
4291 141926
4292 141963
4293 141935
4294 132055
4295 92490
4296 133229
4297 104964
4298 36194
4299 68532
4300 142273
4301 58997
4302 46416
4303 104551
4304 142318
4305 142326
4306 130713
4307 141932
4308 142506
4309 142386
4310 95956
4311 109382
4312 142826
4313 142834
4314 103983
4315 82079
4316 140263
4317 46869
4318 118807
4319 71773
4320 73455
4321 143317
4322 75085
4323 25289
4324 143696
4325 799
4326 143790
4327 142543
4328 143866
4329 144002
4330 115309
4331 60251
4332 10087
4333 143115
4334 143764
4335 92233
4336 134734
4337 58642
4338 144498
4339 133070
4340 46926
4341 114017
4342 75633
4343 6308
4344 142050
4345 105460
4346 145232
4347 134007
4348 71247
4349 145265
4350 145537
4351 96494
4352 123941
4353 20572
4354 145619
4355 136727
4356 116557
4357 145667
4358 105751
4359 121554
4360 134959
4361 146254
4362 124266
4363 85515
4364 146324
4365 52459
4366 118745
4367 138785
4368 145086
4369 146558
4370 108987
4371 142951
4372 143860
4373 141968
4374 147381
4375 145969
4376 147739
4377 99922
4378 147583
4379 62489
4380 68497
4381 147952
4382 148026
4383 148098
4384 106939
4385 134947
4386 145600
4387 148447
4388 141475
4389 144734
4390 147912
4391 148558
4392 138746
4393 151176
4394 148577
4395 148764
4396 148827
4397 101968
4398 113464
4399 139540
4400 149169
4401 149172
4402 123261
4403 146230
4404 110166
4405 143986
4406 82339
4407 29985
4408 147472
4409 120609
4410 148461
4411 123796
4412 29315
4413 86411
4414 141464
4415 34991
4416 146502
4417 142085
4418 101226
4419 150559
4420 136708
4421 146744
4422 98437
4423 138176
4424 150723
4425 150737
4426 97775
4427 76347
4428 143579
4429 137980
4430 149533
4431 135978
4432 151016
4433 117422
4434 63248
4435 152775
4436 133131
4437 153102
4438 149663
4439 113313
4440 123113
4441 142799
4442 152441
4443 153315
4444 146004
4445 72314
4446 149839
4447 153900
4448 144977
4449 64360
4450 27136
4451 153255
4452 112259
4453 146999
4454 149511
4455 92494
4456 96435
4457 154596
4458 154515
4459 148229
4460 154645
4461 118053
4462 154849
4463 116454
4464 123688
4465 154026
4466 132272
4467 155567
4468 12014
4469 155405
4470 40591
4471 148522
4472 50696
4473 141543
4474 116137
4475 139130
4476 113443
4477 46485
4478 155715
4479 156593
4480 105534
4481 157008
4482 126415
4483 45708
4484 156637
4485 96416
4486 140512
4487 157014
4488 156882
4489 123432
4490 130541
4491 140126
4492 59234
4493 25644
4494 143214
4495 142275
4496 22717
4497 157877
4498 148116
4499 138757
4500 158497
4501 98739
4502 133814
4503 152911
4504 159132
4505 159137
4506 159133
4507 159099
4508 150025
4509 143755
4510 34470
4511 159449
4512 57649
4513 138682
4514 156748
4515 75621
4516 109899
4517 28299
4518 2077
4519 38675
4520 112257
4521 159900
4522 158870
4523 156023
4524 160071
4525 96749
4526 160139
4527 102008
4528 160310
4529 127931
4530 115645
4531 59154
4532 156723
4533 160529
4534 160621
4535 160622
4536 158177
4537 159486
4538 161023
4539 157827
4540 116382
4541 155638
4542 116101
4543 158306
4544 159391
4545 96218
4546 32222
4547 145697
4548 162799
4549 149259
4550 140536
4551 135187
4552 120952
4553 164363
4554 163236
4555 130269
4556 156710
4557 164511
4558 117307
4559 164626
4560 128182
4561 149395
4562 164815
4563 164877
4564 164884
4565 164892
4566 72027
4567 156895
4568 63383
4569 84086
4570 128120
4571 140905
4572 157625
4573 165026
4574 109996
4575 165236
4576 163247
4577 144045
4578 20114
4579 160976
4580 40371
4581 165348
4582 164488
4583 165639
4584 158666
4585 123393
4586 57670
4587 148654
4588 133418
4589 165967
4590 148233
4591 98513
4592 159268
4593 135807
4594 147093
4595 165150
4596 166370
4597 159783
4598 166321
4599 166938
4600 166951
4601 166432
4602 126502
4603 167139
4604 147876
4605 130203
4606 154072
4607 167368
4608 65802
4609 160431
4610 76054
4611 160654
4612 157704
4613 166433
4614 167636
4615 167648
4616 103631
4617 42136
4618 167699
4619 167702
4620 167973
4621 158854
4622 140318
4623 160740
4624 130326
4625 40993
4626 137647
4627 166032
4628 106990
4629 119010
4630 28965
4631 164889
4632 126581
4633 130499
4634 87728
4635 74720
4636 149370
4637 122656
4638 74105
4639 162402
4640 168895
4641 164879
4642 121574
4643 157916
4644 16617
4645 147310
4646 157019
4647 162964
4648 55547
4649 73478
4650 101257
4651 168332
4652 155490
4653 165920
4654 117097
4655 137359
4656 155230
4657 70204
4658 53030
4659 104419
4660 170275
4661 170680
4662 95184
4663 40681
4664 157588
4665 127780
4666 170549
4667 143794
4668 148599
4669 37297
4670 171060
4671 102490
4672 169475
4673 28145
4674 153578
4675 68712
4676 77255
4677 171243
4678 170996
4679 43919
4680 114596
4681 130301
4682 227500
4683 126441
4684 108664
4685 148184
4686 170555
4687 101892
4688 114241
4689 27396
4690 71341
4691 123334
4692 134823
4693 146039
4694 169636
4695 163255
4696 26345
4697 153135
4698 166166
4699 137288
4700 116526
4701 150539
4702 116624
4703 170640
4704 22916
4705 154563
4706 172327
4707 44080
4708 169288
4709 143937
4710 174725
4711 174190
4712 37085
4713 8790
4714 174847
4715 170414
4716 144287
4717 38231
4718 141764
4719 159456
4720 48841
4721 176139
4722 101243
4723 172965
4724 58147
4725 144155
4726 123921
4727 63776
4728 176808
4729 128412
4730 99943
4731 176834
4732 176976
4733 2073
4734 118578
4735 145688
4736 177159
4737 172139
4738 138421
4739 130934
4740 40292
4741 174412
4742 47373
4743 177554
4744 177297
4745 58651
4746 131341
4747 56119
4748 164828
4749 170325
4750 178081
4751 154527
4752 157405
4753 178750
4754 178787
4755 57847
4756 70245
4757 178986
4758 154816
4759 169706
4760 177136
4761 179045
4762 179452
4763 179567
4764 179281
4765 60683
4766 171182
4767 179737
4768 127364
4769 89004
4770 94020
4771 140996
4772 179366
4773 173002
4774 101572
4775 155733
4776 180385
4777 180891
4778 29933
4779 120955
4780 162923
4781 178489
4782 126412
4783 162611
4784 152711
4785 181529
4786 78761
4787 175150
4788 7542
4789 165685
4790 181829
4791 181963
4792 181964
4793 181037
4794 111712
4795 131313
4796 181947
4797 181875
4798 14223
4799 55707
4800 37643
4801 179462
4802 178651
4803 3170
4804 137324
4805 182826
4806 182004
4807 137202
4808 182946
4809 177855
4810 182297
4811 135469
4812 133736
4813 184296
4814 85056
4815 126714
4816 148854
4817 167103
4818 113085
4819 87457
4820 182781
4821 182869
4822 185678
4823 131306
4824 134733
4825 148676
4826 139202
4827 167500
4828 186170
4829 9525
4830 77733
4831 186456
4832 178462
4833 100018
4834 186521
4835 183700
4836 186686
4837 130765
4838 71292
4839 182329
4840 170832
4841 78948
4842 188053
4843 173560
4844 96592
4845 159953
4846 131131
4847 181230
4848 179105
4849 174675
4850 166180
4851 70633
4852 52195
4853 189941
4854 137176
4855 178487
4856 189737
4857 187582
4858 164729
4859 190121
4860 76263
4861 187604
4862 102349
4863 5638
4864 44301
4865 178168
4866 52290
4867 184523
4868 154004
4869 180969
4870 165984
4871 189477
4872 82819
4873 99217
4874 118984
4875 187307
4876 191733
4877 192617
4878 182025
4879 56606
4880 192788
4881 171780
4882 178763
4883 191089
4884 170552
4885 5922
4886 96453
4887 142097
4888 185893
4889 9192
4890 101916
4891 189728
4892 57943
4893 150237
4894 171660
4895 193098
4896 80649
4897 182129
4898 194019
4899 105719
4900 110744
4901 117820
4902 119008
4903 146870
4904 194310
4905 194505
4906 194175
4907 192873
4908 185166
4909 49126
4910 60210
4911 194812
4912 190194
4913 194818
4914 32045
4915 193562
4916 576
4917 105005
4918 193927
4919 137908
4920 106977
4921 153036
4922 189708
4923 140404
4924 195613
4925 193317
4926 195623
4927 186128
4928 195585
4929 195626
4930 195695
4931 99023
4932 188004
4933 195713
4934 195929
4935 47252
4936 187165
4937 196589
4938 195964
4939 197114
4940 197146
4941 197219
4942 194291
4943 183212
4944 167242
4945 197462
4946 183314
4947 159990
4948 179151
4949 156705
4950 147010
4951 123208
4952 198115
4953 59863
4954 94409
4955 198144
4956 198170
4957 191342
4958 198496
4959 139504
4960 196340
4961 198554
4962 198392
4963 199160
4964 187139
4965 173904
4966 195469
4967 123084
4968 186017
4969 187947
4970 199312
4971 199330
4972 176400
4973 198107
4974 192212
4975 199554
4976 158160
4977 170225
4978 9015
4979 199930
4980 199957
4981 200025
4982 200280
4983 196890
4984 140679
4985 200299
4986 192721
4987 200385
4988 31784
4989 196243
4990 198204
4991 183889
4992 162251
4993 201926
4994 200265
4995 21613
4996 126674
4997 157187
4998 102550
4999 193221
5000 198003
5001 149833
5002 202843
5003 58900
5004 202461
5005 156405
5006 202938
5007 143774
5008 199893
5009 171210
5010 202920
5011 105169
5012 202707
5013 127159
5014 165935
5015 180355
5016 125220
5017 127599
5018 73804
5019 139605
5020 177167
5021 203972
5022 202730
5023 134969
5024 203766
5025 202319
5026 151083
5027 170472
5028 204335
5029 110719
5030 204929
5031 103470
5032 172813
5033 194999
5034 198847
5035 21009
5036 158418
5037 117301
5038 192515
5039 205739
5040 182521
5041 89784
5042 179357
5043 31604
5044 177734
5045 204834
5046 204101
5047 75916
5048 174766
5049 101270
5050 72459
5051 206266
5052 204659
5053 206183
5054 203244
5055 105078
5056 204028
5057 206564
5058 206547
5059 206559
5060 200019
5061 206601
5062 124849
5063 206761
5064 206083
5065 201856
5066 206887
5067 180165
5068 202225
5069 41833
5070 207031
5071 189604
5072 207010
5073 93124
5074 203629
5075 184540
5076 205052
5077 42937
5078 207558
5079 135935
5080 175400
5081 97960
5082 140275
5083 143711
5084 207856
5085 194807
5086 207767
5087 182917
5088 199904
5089 208103
5090 208136
5091 95114
5092 206020
5093 138491
5094 208207
5095 7378
5096 186304
5097 208465
5098 104019
5099 206197
5100 208864
5101 179384
5102 209103
5103 67614
5104 199552
5105 76597
5106 183420
5107 86619
5108 197798
5109 205738
5110 83591
5111 208138
5112 5037
5113 41122
5114 209706
5115 45944
5116 208654
5117 209701
5118 202613
5119 139020
5120 206192
5121 70701
5122 196513
5123 110708
5124 206691
5125 152752
5126 102936
5127 172874
5128 26275
5129 118048
5130 132437
5131 211286
5132 165075
5133 199630
5134 29794
5135 194443
5136 211169
5137 211629
5138 209814
5139 26708
5140 209383
5141 198194
5142 194331
5143 157908
5144 211890
5145 63960
5146 210446
5147 212199
5148 113773
5149 212282
5150 207947
5151 211935
5152 210181
5153 74272
5154 103481
5155 212601
5156 212603
5157 86431
5158 212686
5159 212625
5160 130929
5161 1643
5162 212732
5163 12226
5164 212990
5165 211783
5166 211759
5167 71429
5168 63983
5169 1619
5170 57376
5171 213718
5172 70897
5173 146562
5174 48881
5175 189721
5176 160136
5177 16829
5178 29541
5179 202056
5180 165210
5181 214540
5182 212160
5183 177558
5184 8713
5185 110443
5186 214004
5187 209450
5188 194527
5189 214963
5190 196764
5191 215028
5192 215039
5193 201924
5194 215047
5195 215078
5196 215084
5197 28646
5198 150162
5199 4016
5200 215326
5201 183259
5202 208833
5203 178306
5204 215710
5205 187075
5206 215946
5207 215927
5208 216137
5209 81683
5210 11632
5211 183885
5212 134671
5213 217295
5214 47261
5215 195443
5216 214901
5217 145846
5218 194757
5219 207422
5220 193025
5221 217512
5222 50761
5223 145370
5224 178206
5225 207381
5226 217718
5227 98414
5228 217880
5229 217861
5230 217955
5231 218031
5232 174972
5233 56599
5234 218127
5235 218290
5236 218470
5237 205686
5238 198185
5239 182822
5240 219002
5241 218104
5242 219043
5243 176677
5244 219080
5245 186579
5246 219111
5247 218567
5248 218270
5249 208245
5250 198517
5251 203612
5252 199941
5253 211040
5254 219742
5255 145373
5256 184314
5257 203222
5258 179226
5259 219916
5260 181339
5261 220399
5262 162407
5263 214877
5264 220173
5265 190012
5266 220873
5267 56770
5268 128710
5269 220705
5270 221227
5271 217542
5272 221343
5273 219954
5274 153306
5275 202379
5276 210444
5277 126646
5278 218502
5279 129338
5280 94945
5281 208199
5282 222038
5283 217582
5284 222141
5285 222185
5286 137661
5287 222205
5288 222225
5289 222285
5290 217881
5291 181631
5292 222770
5293 221798
5294 16713
5295 181732
5296 220218
5297 166473
5298 222579
5299 99071
5300 189760
5301 223411
5302 161132
5303 205249
5304 221664
5305 223646
5306 97979
5307 128996
5308 53057
5309 148491
5310 134692
5311 93054
5312 224072
5313 223905
5314 45664
5315 218864
5316 220554
5317 224406
5318 153826
5319 224506
5320 224540
5321 217875
5322 224790
5323 221190
5324 181243
5325 169763
5326 195622
5327 204843
5328 170120
5329 201807
5330 194459
5331 197118
5332 4932
5333 144747
5334 52036
5335 225284
5336 225252
5337 222902
5338 131812
5339 226129
5340 226038
5341 201709
5342 95503
5343 173255
5344 222840
5345 140647
5346 226787
5347 214639
5348 200329
5349 205782
5350 152660
5351 70333
5352 214638
5353 227035
5354 66167
5355 227038
5356 223169
5357 160509
5358 121751
5359 194498
5360 226357
5361 218240
5362 214256
5363 35615
5364 227287
5365 227860
5366 124232
5367 187065
5368 227992
5369 228043
5370 228095
5371 186874
5372 190942
5373 146310
5374 228539
5375 113655
5376 218022
5377 178266
5378 226304
5379 204458
5380 41704
5381 208112
5382 228864
5383 63797
5384 229027
5385 215742
5386 230162
5387 165384
5388 86981
5389 230503
5390 29616
5391 222265
5392 198073
5393 142582
5394 230543
5395 222493
5396 106745
5397 208640
5398 195504
5399 230723
5400 204563
5401 230937
5402 178649
5403 231016
5404 167281
5405 156675
5406 132433
5407 106477
5408 55327
5409 230533
5410 151073
5411 60646
5412 228543
5413 230398
5414 231249
5415 231313
5416 231589
5417 27045
5418 203215
5419 141548
5420 230132
5421 231137
5422 232002
5423 233959
5424 231957
5425 231868
5426 232099
5427 177858
5428 202336
5429 136800
5430 220110
5431 97690
5432 191721
5433 232404
5434 81273
5435 35143
5436 198833
5437 208017
5438 233452
5439 569
5440 196529
5441 86222
5442 233614
5443 233638
5444 226214
5445 233739
5446 47467
5447 206413
5448 202416
5449 145213
5450 212622
5451 141461
5452 234141
5453 142578
5454 205969
5455 169940
5456 234171
5457 233551
5458 225790
5459 233931
5460 62297
5461 234549
5462 231971
5463 234651
5464 231527
5465 231959
5466 233597
5467 234732
5468 65373
5469 234714
5470 221111
5471 234729
5472 137269
5473 55770
5474 205579
5475 235029
5476 235058
5477 198811
5478 226894
5479 235262
5480 235183
5481 173434
5482 235469
5483 198212
5484 196314
5485 233337
5486 235756
5487 235838
5488 196171
5489 174726
5490 235875
5491 187997
5492 197129
5493 206319
5494 233951
5495 234182
5496 236518
5497 105620
5498 40020
5499 115337
5500 197242
5501 234979
5502 171547
5503 236795
5504 92665
5505 237339
5506 191560
5507 34193
5508 224659
5509 194558
5510 150182
5511 133767
5512 237788
5513 236411
5514 64865
5515 10821
5516 81224
5517 230281
5518 105421
5519 237633
5520 201762
5521 238963
5522 238965
5523 72219
5524 237040
5525 211658
5526 203504
5527 227641
5528 153727
5529 239399
5530 215458
5531 239095
5532 239632
5533 236156
5534 143993
5535 220004
5536 139287
5537 240297
5538 225217
5539 168995
5540 98596
5541 193094
5542 187375
5543 25462
5544 205997
5545 233507
5546 233837
5547 239917
5548 242350
5549 222006
5550 242374
5551 242511
5552 234574
5553 128977
5554 226117
5555 208438
5556 238680
5557 243133
5558 93715
5559 139376
5560 242949
5561 98041
5562 34003
5563 129312
5564 90326
5565 233340
5566 81812
5567 90152
5568 244054
5569 244090
5570 35699
5571 243860
5572 73635
5573 75297
5574 244158
5575 242930
5576 244131
5577 244201
5578 244116
5579 238719
5580 238956
5581 89996
5582 196864
5583 244531
5584 225661
5585 191417
5586 235874
5587 244698
5588 244709
5589 244858
5590 245026
5591 204534
5592 228916
5593 133373
5594 225604
5595 245141
5596 226137
5597 245529
5598 173377
5599 245574
5600 245569
5601 47309
5602 245645
5603 180589
5604 238497
5605 245941
5606 212400
5607 244799
5608 165965
5609 233666
5610 244685
5611 243267
5612 152437
5613 224282
5614 239484
5615 229097
5616 243287
5617 137157
5618 232786
5619 134777
5620 247668
5621 160278
5622 227794
5623 246973
5624 248238
5625 232868
5626 247834
5627 238167
5628 196140
5629 246655
5630 71434
5631 75937
5632 135372
5633 141147
5634 248397
5635 214791
