0 1
1 2
2 9
3 27
4 36
5 39
6 87
7 89
8 112
9 164
10 181
11 186
12 194
13 216
14 224
15 236
16 245
17 253
18 285
19 338
20 341
21 345
22 390
23 418
24 421
25 422
26 429
27 591
28 989
29 1051
30 1054
31 1058
32 1106
33 1114
34 1120
35 1156
36 1235
37 1263
38 1291
39 1315
40 1333
41 1340
42 1351
43 1358
44 1373
45 1431
46 1436
47 1468
48 1540
49 1592
50 1600
51 1620
52 1624
53 1641
54 1699
55 1705
56 1714
57 1727
58 1745
59 1749
60 1759
61 1784
62 1793
63 1795
64 1805
65 1819
66 1841
67 1909
68 1949
69 1964
70 1967
71 1970
72 1975
73 2007
74 2012
75 2016
76 2018
77 2028
78 2032
79 2042
80 2065
81 2108
82 2145
83 2172
84 2208
85 2280
86 2305
87 2310
88 2379
89 2432
90 2437
91 2453
92 2466
93 2492
94 2498
95 2538
96 2569
97 2575
98 2581
99 2603
100 2650
101 2722
102 2743
103 2784
104 2843
105 2845
106 2868
107 2906
108 2918
109 2948
110 2951
111 2969
112 2974
113 2984
114 2997
115 3002
116 3129
117 3134
118 3238
119 3246
120 3273
121 3294
122 3308
123 3333
124 3366
125 3396
126 3493
127 3521
128 3533
129 3537
130 3579
131 3624
132 3715
133 3718
134 3742
135 3774
136 3786
137 3830
138 3883
139 3978
140 3983
141 3998
142 4003
143 4044
144 4113
145 4117
146 4187
147 4206
148 4228
149 4236
150 4262
151 4285
152 4351
153 4497
154 4546
155 4570
156 4623
157 4662
158 4676
159 4738
160 4739
161 4814
162 4829
163 4878
164 4929
165 4943
166 4947
167 4955
168 4972
169 4996
170 5001
171 5006
172 5043
173 5044
174 5084
175 5103
176 5153
177 5232
178 5262
179 5273
180 5295
181 5341
182 5381
183 5389
184 5457
185 5566
186 5628
187 5673
188 5768
189 5830
190 5884
191 5956
192 5957
193 6034
194 6042
195 6046
196 6050
197 6063
198 6088
199 6118
200 6199
201 6203
202 6233
203 6268
204 6324
205 6331
206 6372
207 6435
208 6447
209 6458
210 6503
211 6529
212 6541
213 6558
214 6567
215 6677
216 6693
217 6851
218 6900
219 6925
220 6961
221 6981
222 7034
223 7079
224 7099
225 7133
226 7135
227 7194
228 7203
229 7258
230 7444
231 7491
232 7586
233 7600
234 7602
235 7644
236 7675
237 7686
238 7725
239 7731
240 7774
241 7856
242 7898
243 7916
244 7982
245 7997
246 8179
247 8222
248 8235
249 8280
250 8301
251 8312
252 8354
253 8436
254 8452
255 8462
256 8570
257 8573
258 8692
259 8694
260 8709
261 8759
262 8851
263 8924
264 8962
265 8979
266 9085
267 9108
268 9163
269 9229
270 9267
271 9289
272 9312
273 9363
274 9394
275 9422
276 9449
277 9464
278 9470
279 9497
280 9541
281 9545
282 9550
283 9622
284 9624
285 9727
286 9767
287 9815
288 9861
289 9905
290 9963
291 9977
292 10011
293 10022
294 10093
295 10094
296 10124
297 10145
298 10179
299 10223
300 10245
301 10341
302 10365
303 10443
304 10470
305 10707
306 10790
307 10930
308 10996
309 11352
310 11389
311 11400
312 11761
313 12207
314 12259
315 12320
316 12330
317 12492
318 12503
319 12538
320 12608
321 12616
322 12639
323 12741
324 12765
325 12802
326 12836
327 12924
328 12961
329 12962
330 13003
331 13183
332 13202
333 13335
334 13375
335 13448
336 13521
337 13533
338 13662
339 13839
340 14046
341 14105
342 14219
343 14231
344 14249
345 14371
346 14430
347 14530
348 14552
349 14676
350 14695
351 14766
352 14884
353 14910
354 14929
355 14942
356 14949
357 14958
358 15049
359 15126
360 15383
361 15552
362 15666
363 15701
364 15801
365 15812
366 15877
367 15945
368 16022
369 16250
370 16315
371 16698
372 16847
373 16915
374 17128
375 17152
376 17185
377 17210
378 17224
379 17319
380 17320
381 17338
382 17529
383 17584
384 17745
385 17760
386 17778
387 17801
388 17871
389 18111
390 18153
391 18232
392 18242
393 18269
394 18392
395 18450
396 18469
397 18529
398 18601
399 18644
400 18892
401 18948
402 19000
403 19112
404 19146
405 19274
406 19286
407 19339
408 19368
409 19526
410 19558
411 19566
412 19673
413 19674
414 19710
415 19821
416 19935
417 19987
418 20066
419 20135
420 20151
421 20264
422 20369
423 20457
424 20487
425 20504
426 20599
427 20619
428 20670
429 20713
430 20732
431 20733
432 20857
433 20927
434 21019
435 21112
436 21144
437 21149
438 21171
439 21296
440 21307
441 21320
442 21449
443 21460
444 21513
445 21534
446 21566
447 21645
448 21750
449 21803
450 21937
451 21971
452 22148
453 22189
454 22282
455 22372
456 22718
457 22848
458 22884
459 22997
460 23209
461 23357
462 23572
463 23582
464 23622
465 23640
466 23838
467 23938
468 24119
469 24231
470 24249
471 24331
472 24341
473 24378
474 24436
475 24522
476 24525
477 24563
478 24617
479 24705
480 24756
481 24802
482 24922
483 24979
484 25096
485 25178
486 25183
487 25201
488 25263
489 25470
490 25480
491 25623
492 25843
493 25902
494 25999
495 26001
496 26105
497 26157
498 26209
499 26393
500 26456
501 26535
502 26733
503 26809
504 26885
505 27071
506 27127
507 27156
508 27166
509 27232
510 27277
511 27395
512 27484
513 27581
514 27689
515 27690
516 27746
517 27766
518 27808
519 27815
520 28080
521 28087
522 28100
523 28221
524 28225
525 28296
526 28325
527 28451
528 28529
529 28567
530 28686
531 28801
532 28851
533 28884
534 28891
535 28893
536 28927
537 29073
538 29192
539 29255
540 29291
541 29359
542 29416
543 29460
544 29547
545 29598
546 29601
547 29741
548 29952
549 29962
550 30098
551 30136
552 30157
553 30204
554 30207
555 30329
556 30346
557 30355
558 30551
559 30728
560 32211
561 32285
562 32366
563 32697
564 32892
565 33142
566 33276
567 33324
568 33702
569 33704
570 33916
571 33994
572 34154
573 34186
574 34230
575 34301
576 34358
577 34454
578 34524
579 34613
580 34625
581 34687
582 34757
583 34782
584 34969
585 35093
586 35313
587 35343
588 35411
589 35499
590 35580
591 35657
592 35658
593 35716
594 35758
595 35847
596 35852
597 36220
598 36291
599 36311
600 36329
601 37307
602 37499
603 37834
604 37877
605 37970
606 38129
607 38297
608 38363
609 38760
610 38790
611 39138
612 39230
613 39499
614 39548
615 39649
616 39851
617 40062
618 40147
619 40357
620 40419
621 40459
622 40719
623 40934
624 40990
625 41463
626 41859
627 42079
628 42129
629 42245
630 42347
631 42474
632 42642
633 42706
634 42749
635 42958
636 42983
637 43361
638 43410
639 43436
640 43444
641 43462
642 43517
643 43865
644 43892
645 43970
646 44037
647 44293
648 44443
649 44592
650 44677
651 45070
652 45093
653 45601
654 45779
655 46142
656 46214
657 46315
658 46979
659 47157
660 47448
661 47819
662 47886
663 47924
664 48085
665 48837
666 48901
667 48935
668 49053
669 50221
670 50223
671 50491
672 51065
673 51583
674 51689
675 51739
676 52179
677 52184
678 52339
679 52596
680 52833
681 53064
682 53225
683 53601
684 54025
685 54149
686 54771
687 54806
688 55666
689 56620
690 56635
691 56838
692 57913
693 58168
694 58203
695 58405
696 58594
697 59403
698 60826
699 60894
700 60897
701 60906
702 61115
703 61541
704 61641
705 61818
706 61957
707 61967
708 62210
709 62387
710 62982
711 63170
712 63630
713 63748
714 63758
715 64353
716 64692
717 64799
718 65557
719 65922
720 66192
721 66250
722 67121
723 67157
724 67237
725 68447
726 68611
727 69009
728 69045
729 69076
730 69108
731 69391
732 70225
733 72855
734 73005
735 73168
736 74618
737 75360
738 75510
739 77309
740 77423
741 79112
742 81692
743 81769
744 82313
745 82339
746 85290
747 86920
748 87167
749 87410
750 87897
751 88088
752 88120
753 88263
754 88306
755 88431
756 88633
757 88909
758 88923
759 89020
760 89622
761 89737
762 90141
763 90152
764 90250
765 91656
766 91888
767 92480
768 92565
769 93609
770 93846
771 95192
772 95678
773 95753
774 95975
775 96253
776 96546
777 97304
778 97893
779 100657
780 100726
781 100991
782 101498
783 102821
784 103328
785 104585
786 104842
787 105503
788 105902
789 106028
790 107107
791 107196
792 108926
793 109833
794 110041
795 110939
796 111307
797 111525
798 111836
799 112040
800 113387
801 115020
802 115786
803 116473
804 117588
805 118741
806 120394
807 121069
808 123129
809 123695
810 123765
811 124344
812 125121
813 125140
814 125250
815 125339
816 125719
817 126019
818 126117
819 129074
820 129174
821 129886
822 130922
823 131545
824 131851
825 131931
826 132368
827 132708
828 132753
829 134561
830 134927
831 136711
832 137895
833 137963
834 138311
835 139347
836 139498
837 140244
838 141382
839 141885
840 143330
841 143490
842 143685
843 144951
844 145273
845 146291
846 149942
847 152087
848 154077
849 155659
850 160091
851 165399
852 165605
853 168085
854 168263
855 171202
856 172292
857 172837
858 174463
859 176092
860 176501
861 176756
862 181711
863 181869
864 185116
865 186334
866 187373
867 189335
868 189450
869 191513
870 197232
871 201491
872 202491
873 204724
874 205430
875 206625
876 213167
877 214816
878 216085
879 216714
880 217955
881 218273
