0 882 882 13 2393 2394
0 882 883 29185 2393 2394
0 882 884 181951 2393 2394
1 885 886 4 2395 2396 2397 2398
1 885 887 10 2395 2396 2397 2398
2 888 889 19 2399
2 888 890 21 2399
2 888 891 22 2399
2 888 892 33 2399
3 892 893 46 2400 2401
3 892 894 76983 2400 2401
5 897 898 49 2405 2406
5 897 895 55 2405 2406
5 897 899 61 2405 2406
6 900 901 1470 2407 2408 2409 2410
6 900 902 10293 2407 2408 2409 2410
8 885 882 117 2412 2413 2414
8 885 907 1640 2412 2413 2414
8 885 908 11305 2412 2413 2414
10 913 914 1272 2415 2416 2417
10 913 915 2671 2415 2416 2417
11 916 917 198 2409 2407
11 916 918 239 2409 2407
13 921 889 217 2405 2419
13 921 907 233 2405 2419
13 921 922 3435 2405 2419
13 921 923 4437 2405 2419
13 921 924 5641 2405 2419
13 921 925 7496 2405 2419
13 921 926 13256 2405 2419
13 921 927 51175 2405 2419
13 921 928 74705 2405 2419
14 929 907 230 2395 2420 2421 2422
14 929 930 238 2395 2420 2421 2422
14 929 931 3545 2395 2420 2421 2422
15 922 916 249 2393
15 922 910 250 2393
15 922 918 255 2393
15 922 882 258 2393
15 922 932 262 2393
15 922 892 327 2393
15 922 884 129384 2393
16 918 918 1085 2423
16 918 918 1701 2423
17 910 882 259 2424 2425 2426
17 910 910 17383 2424 2425 2426
18 885 933 286 2427 2428
18 885 934 3272 2427 2428
18 885 935 3871 2427 2428
18 885 936 10988 2427 2428
19 937 907 342 2429
19 937 938 344 2429
19 937 939 11153 2429
19 937 940 50738 2429
20 941 903 404 2412 2430
20 941 942 412 2412 2430
20 941 943 39887 2412 2430
22 919 945 414 2431 2432 2433
22 919 946 2176 2431 2432 2433
22 919 947 9528 2431 2432 2433
22 919 948 20303 2431 2432 2433
25 918 954 1160 2441 2442
25 918 918 1234 2441 2442
27 956 957 3755 2407 2444 2445
27 956 958 9321 2407 2444 2445
27 956 956 66790 2407 2444 2445
28 959 960 990 2446 2447 2448
28 959 961 3600 2446 2447 2448
29 962 963 2606 2449 2450
29 962 964 9256 2449 2450
30 918 895 1074 2451 2452 2453
30 918 965 46341 2451 2452 2453
31 966 967 1059 2405 2435 2454
31 966 968 1108 2405 2435 2454
31 966 969 1739 2405 2435 2454
33 975 899 1117 2396 2397 2456 2402
33 975 968 1193 2396 2397 2456 2402
34 972 902 7471 2457 2458 2459
34 972 976 9415 2457 2458 2459
35 918 977 1158 2460
35 918 978 21427 2460
35 918 979 21608 2460
36 907 917 1236 2461 2459
36 907 918 1241 2461 2459
36 907 902 1243 2461 2459
37 918 980 1279 2462
37 918 981 1312 2462
38 982 983 1294 2433
38 982 917 1295 2433
39 979 984 1324 2463 2464
39 979 979 1459 2463 2464
39 979 985 10904 2463 2464
39 979 986 57144 2463 2464
40 987 988 1397 2465 2415 2466 2467
40 987 915 1403 2465 2415 2466 2467
40 987 989 12579 2465 2415 2466 2467
41 990 991 1346 2395 2435
41 990 918 1347 2395 2435
41 990 992 1350 2395 2435
45 932 918 1433 2472
45 932 999 5391 2472
45 932 928 28157 2472
47 1000 882 1469 2474
47 1000 1002 2876 2474
47 1000 1003 37021 2474
47 1000 1004 37022 2474
48 1005 988 1541 2415 2475
48 1005 918 1548 2415 2475
49 913 882 1608 2476 2477 2478
49 913 1006 13292 2476 2477 2478
50 1007 967 1602 2405 2429 2416
50 1007 1008 1604 2405 2429 2416
51 1000 967 1621 2479
51 1000 1000 2940 2479
52 911 1000 1627 2444 2445
52 911 984 1652 2444 2445
52 911 1009 2994 2444 2445
52 911 1010 3482 2444 2445
52 911 959 3483 2444 2445
53 945 902 1643 2397 2480 2395 2481 2482
53 945 1011 140486 2397 2480 2395 2481 2482
54 1012 882 1700 2483 2484
54 1012 1013 1722 2483 2484
54 1012 1014 1770 2483 2484
55 1015 1016 22751 2424 2394 2485
55 1015 1017 31807 2424 2394 2485
55 1015 1018 59060 2424 2394 2485
56 901 918 1716 2482 2486
56 901 983 1725 2482 2486
57 967 902 1728 2451 2457 2487
57 967 967 1729 2451 2457 2487
57 967 1019 28085 2451 2457 2487
59 993 1021 1754 2451
59 993 1014 1769 2451
60 922 918 1762 2489 2490
60 922 1022 1764 2489 2490
60 922 1019 1765 2489 2490
60 922 907 1772 2489 2490
60 922 882 1773 2489 2490
60 922 1023 4958 2489 2490
60 922 1024 14166 2489 2490
60 922 1025 14170 2489 2490
60 922 1026 14232 2489 2490
60 922 1027 14743 2489 2490
60 922 1028 14785 2489 2490
60 922 1029 16348 2489 2490
60 922 1030 18918 2489 2490
60 922 1031 27748 2489 2490
60 922 1032 30745 2489 2490
60 922 1033 35783 2489 2490
60 922 1034 146403 2489 2490
61 1035 1021 1785 2396
61 1035 882 1786 2396
61 1035 882 10713 2396
61 1035 1036 60884 2396
62 1037 938 1811 2405 2412
62 1037 915 1815 2405 2412
63 993 967 1797 2487 2491
63 993 882 1798 2487 2491
64 913 915 1858 2415 2411 2492
64 913 970 1943 2415 2411 2492
64 913 1038 1944 2415 2411 2492
65 916 882 1822 2493 2494
65 916 918 1824 2493 2494
66 1039 918 1842 2457 2495
66 1039 1040 2421 2457 2495
67 970 913 1910 2415 2496
67 970 1041 1912 2415 2496
68 1042 1043 1955 2497
68 1042 902 48422 2497
69 918 971 1965 2498
69 918 918 1966 2498
69 918 882 1988 2498
69 918 918 2378 2498
72 1019 1048 2115 2405 2429 2415
72 1019 1049 56837 2405 2429 2415
73 1050 987 2008 2415 2425 2465 2425 2467
73 1050 920 2021 2415 2425 2465 2425 2467
73 1050 1051 4314 2415 2425 2465 2425 2467
74 944 967 2014 2395 2501 2451
74 944 895 2201 2395 2501 2451
74 944 1052 5046 2395 2501 2451
75 1053 918 2017 2405
75 1053 1054 130407 2405
76 1053 988 2030 2405 2415 2425
76 1053 918 2035 2405 2415 2425
77 1053 902 2029 2415 2425 2502
77 1053 1053 2121 2415 2425 2502
78 901 882 2033 2402 2503 2469 2504
78 901 998 5426 2402 2503 2469 2504
79 913 918 2056 2411
79 913 1055 124073 2411
80 1021 902 2075 2505 2506
80 1021 1056 2076 2505 2506
80 1021 1057 3834 2505 2506
80 1021 1058 6820 2505 2506
80 1021 1059 33831 2505 2506
81 1060 1061 2114 2507 2470 2508
81 1060 1042 8271 2507 2470 2508
82 1062 1063 2162 2405 2509 2510
82 1062 925 7666 2405 2509 2510
83 967 918 2181 2457 2511 2504 2512
83 967 988 2212 2457 2511 2504 2512
83 967 902 3663 2457 2511 2504 2512
83 967 918 3689 2457 2511 2504 2512
83 967 1064 11535 2457 2511 2504 2512
84 1065 882 2215 2405 2513 2514
84 1065 963 2217 2405 2513 2514
85 1035 911 2281 2407 2488 2515
85 1035 1066 2301 2407 2488 2515
86 907 967 2315 2505 2507 2506
86 907 882 2319 2505 2507 2506
86 907 1008 2334 2505 2507 2506
87 1067 911 2333 2516
87 1067 1009 2340 2516
88 1068 988 2380 2477
88 1068 1040 2420 2477
89 991 1069 2433 2431 2517
89 991 1070 7268 2431 2517
89 991 1071 8793 2431 2517
89 991 1072 9223 2431 2517
90 1073 967 2440 2429 2457 2495
90 1073 1022 2441 2429 2457 2495
90 1073 882 2444 2429 2457 2495
90 1073 1053 8719 2429 2457 2495
91 1074 1075 2458 2405 2518
91 1074 925 7153 2405 2518
92 991 882 2467 2396 2431 2432
92 991 1048 2491 2396 2431 2432
92 991 1076 2529 2396 2431 2432
93 1077 902 2134 2405 2412 2515 2413
93 1077 1078 2495 2405 2412 2515 2413
93 1077 902 2503 2405 2412 2515 2413
94 1079 902 2502 2519 2520 2521
94 1079 920 2523 2519 2520 2521
95 1080 1069 2539 2405
95 1080 882 2541 2405
96 940 1081 2570 2502 2495 2522
96 940 1082 2576 2502 2495 2522
98 1083 918 2582 2498
98 1083 1084 3546 2498
99 957 902 2604 2413
99 957 1085 2632 2413
100 907 902 2651 2411 2525 2526
100 907 907 2652 2411 2525 2526
100 907 882 2656 2411 2525 2526
101 1086 902 2725 2442 2527
101 1086 882 2727 2442 2527
102 993 1087 2746 2528 2529
102 993 1088 5780 2528 2529
102 993 911 5804 2528 2529
104 1053 920 2848 2425 2415 2465
104 1053 922 3011 2425 2415 2465
105 1090 911 2849 2415 2425 2482
105 1090 1091 2886 2415 2425 2482
106 1092 1093 2875 2435
106 1092 922 2934 2435
107 1094 911 2908 2395 2399 2533
107 1094 1095 2909 2395 2399 2533
109 1099 1100 2965 2534
109 1099 947 3559 2534
110 991 911 2953 2535
110 991 947 13064 2535
111 1101 922 2970 2396 2536
111 1101 1102 3628 2396 2536
112 1103 963 2976 2394 2537
112 1103 911 3325 2394 2537
113 885 1104 2988 2538 2473
113 885 928 43150 2538 2473
113 885 1054 130468 2538 2473
114 1105 1093 3000 2435 2454 2436
114 1105 1106 34393 2435 2454 2436
115 885 918 3008 2405 2539 2428 2540
115 885 1107 28155 2405 2539 2428 2540
115 885 928 28231 2405 2539 2428 2540
116 1101 1101 3264 2395 2457 2412 2443 2442
116 1101 1108 15993 2395 2457 2412 2443 2442
118 1079 1112 3239 2465 2543 2396 2541
118 1079 907 3242 2465 2543 2396 2541
119 1010 1113 3267 2415 2541 2417 2544
119 1010 1010 3365 2415 2541 2417 2544
119 1010 947 3556 2415 2541 2417 2544
120 934 967 3275 2545 2511
120 934 1114 3285 2545 2511
121 1115 1116 3637 2412 2546 2547 2442 2548
121 1115 1117 11148 2412 2546 2547 2442 2548
121 1115 1115 11648 2412 2546 2547 2442 2548
121 1115 1118 11896 2412 2546 2547 2442 2548
121 1115 1115 14591 2412 2546 2547 2442 2548
121 1115 1115 17951 2412 2546 2547 2442 2548
121 1115 1119 77124 2412 2546 2547 2442 2548
122 918 1115 3309 2405 2412 2546 2442
122 918 918 3417 2405 2412 2546 2442
123 934 915 3336 2411 2515 2511
123 934 1120 3341 2411 2515 2511
124 1048 911 3371 2549 2550
124 1048 1113 3372 2549 2550
125 1121 1053 3397 2429 2551
125 1121 917 3404 2429 2551
125 1121 882 3408 2429 2551
126 1057 1122 3500 2457
126 1057 1123 11576 2457
127 1124 915 3523 2552 2553
127 1124 1125 4555 2552 2553
127 1124 1126 12669 2552 2553
127 1124 1127 32793 2552 2553
128 1128 1113 3534 2395 2502 2554
128 1128 918 3535 2395 2502 2554
129 1129 1130 3538 2457 2512 2555
129 1129 1131 3539 2457 2512 2555
129 1129 1006 12858 2457 2512 2555
129 1129 1132 28144 2457 2512 2555
129 1129 1133 29306 2457 2512 2555
129 1129 1134 64564 2457 2512 2555
129 1129 1135 64583 2457 2512 2555
129 1129 1136 145369 2457 2512 2555
130 920 947 3580 2429
130 920 1069 3586 2429
132 885 911 3720 2538 2473 2558
132 885 1138 3740 2538 2473 2558
132 885 1139 109741 2538 2473 2558
134 993 947 3744 2395 2560
134 993 993 4822 2395 2560
135 922 915 3776 2457 2539 2561
135 922 1036 12671 2457 2539 2561
136 1010 918 3794 2395 2402 2403
136 1010 931 3796 2395 2402 2403
137 1141 1057 3833 2405 2562 2563
137 1141 918 3848 2405 2562 2563
138 1142 1143 3884 2424
138 1142 918 3885 2424
138 1142 915 3887 2424
139 915 988 3980 2405 2395 2513
139 915 915 4978 2405 2395 2513
140 1144 911 3993 2405 2564
140 1144 1145 7454 2405 2564
141 1010 988 4002 2415 2435 2411
141 1010 922 4111 2415 2435 2411
143 1146 1147 4047 2508
143 1146 911 4056 2508
145 1149 1150 4119 2566 2426 2567
145 1149 1149 4147 2566 2426 2567
147 922 918 4207 2568 2482
147 922 1152 4964 2568 2482
148 1010 967 4232 2465
148 1010 1153 4233 2465
149 1148 918 4238 2429 2412 2430
149 1148 911 4244 2429 2412 2430
150 922 1154 4264 2483 2421 2569 2570
150 922 1078 4265 2483 2421 2569 2570
150 922 922 4298 2483 2421 2569 2570
151 1155 1057 4292 2480 2571 2486 2572
151 1155 911 4293 2480 2571 2486 2572
152 1156 1157 4360 2424 2451 2573 2403 2442
152 1156 1019 4371 2424 2451 2573 2403 2442
153 1158 1159 10982 2574 2575
153 1158 1160 46495 2574 2575
155 1156 947 4572 2573 2522 2442
155 1156 911 4584 2573 2522 2442
156 1162 947 4624 2412 2442
156 1162 923 4625 2412 2442
158 1164 1165 4677 2578 2507 2579 2533
158 1164 882 4684 2578 2507 2579 2533
159 1166 947 4744 2396 2457 2397
159 1166 911 4750 2396 2457 2397
159 1166 988 4767 2396 2457 2397
159 1166 1167 4768 2396 2457 2397
159 1166 1168 24799 2396 2457 2397
160 1166 947 4741 2501 2482
160 1166 1169 4874 2501 2482
161 1170 967 4815 2580 2581 2582
161 1170 947 4817 2580 2581 2582
161 1170 1171 4819 2580 2581 2582
162 1172 1154 4836 2454 2407
162 1172 911 4845 2454 2407
163 1173 1174 4879 2412 2502
163 1173 1175 5761 2412 2502
164 1176 1177 4931 2514
164 1176 911 4967 2514
164 1176 1178 4976 2514
165 1069 963 4950 2501 2437 2583
165 1069 882 4957 2501 2437 2583
166 1179 1179 4948 2424 2402
166 1179 1180 15827 2424 2402
167 1010 1177 4960 2429 2495 2522
167 1010 1181 14182 2429 2495 2522
168 959 947 4973 2552 2584
168 959 1182 4974 2552 2584
168 959 1178 4977 2552 2584
169 1179 1183 5002 2407
169 1179 902 5010 2407
170 1173 947 5027 2405 2412 2461 2534
170 1173 920 5065 2405 2412 2461 2534
170 1173 1173 16731 2405 2412 2461 2534
171 1173 911 5049 2429 2462
171 1173 918 5580 2429 2462
172 1184 911 5051 2454 2579 2585
172 1184 918 5052 2454 2579 2585
172 1184 1185 5162 2454 2579 2585
173 1186 911 5050 2571 2586
173 1186 1187 7669 2571 2586
174 1188 1154 5086 2402
174 1188 918 5087 2402
176 1191 882 5156 2424 2403
176 1191 918 5157 2424 2403
177 1189 1192 5234 2587 2588 2589
177 1189 1193 55653 2587 2588 2589
177 1189 1194 119072 2587 2588 2589
177 1189 1195 147842 2587 2588 2589
178 1010 1196 5267 2435 2541 2436
178 1010 1197 5270 2435 2541 2436
179 1198 1199 5274 2590 2591 2424
179 1198 1200 5278 2590 2591 2424
179 1198 947 5291 2590 2591 2424
180 1201 918 5297 2444 2592
180 1201 1202 5302 2444 2592
180 1201 1203 35241 2444 2592
181 1198 1100 5342 2405 2456 2396
181 1198 1204 5343 2405 2456 2396
182 1205 1204 5383 2490
182 1205 947 5385 2490
182 1205 959 7742 2490
183 1079 1204 5392 2405 2593 2594
183 1079 977 5393 2405 2593 2594
183 1079 953 6517 2405 2593 2594
184 959 1154 5458 2415 2439
184 959 915 5459 2415 2439
185 959 882 5567 2405 2552 2400
185 959 967 5569 2405 2552 2400
185 959 1206 5575 2405 2552 2400
186 1207 947 5629 2457 2456 2595
186 1207 882 5630 2457 2456 2595
187 1208 902 5676 2431 2441 2432
187 1208 911 5726 2431 2441 2432
188 1053 1019 5769 2407 2596 2445 2597
188 1053 882 5774 2407 2596 2445 2597
189 1209 1204 5831 2549 2550
189 1209 1210 5860 2549 2550
190 1211 948 5888 2540 2394
190 1211 1212 65459 2540 2394
191 1213 1213 6077 2598
191 1213 1214 17560 2598
193 1215 902 6035 2545 2396 2433
193 1215 1057 6036 2545 2396 2433
193 1215 1216 10064 2545 2396 2433
194 1053 902 6044 2600 2601 2602
194 1053 1204 6045 2600 2601 2602
195 1217 953 6049 2393 2603 2471
195 1217 948 6052 2393 2603 2471
197 959 918 6065 2605
197 959 953 6070 2605
199 1219 947 6119 2405 2412 2413 2606
199 1219 1184 6121 2405 2412 2413 2606
200 1220 947 6202 2493 2507 2516 2607
200 1220 1196 6210 2493 2507 2516 2607
200 1220 911 6215 2493 2507 2516 2607
201 1090 918 6204 2395 2507
201 1090 911 6209 2395 2507
202 947 948 6234 2402 2451 2608
202 947 1008 6259 2402 2451 2608
203 1221 947 6269 2405 2609 2610
203 1221 1222 6270 2405 2609 2610
203 1221 1169 6303 2405 2609 2610
203 1221 1223 7440 2405 2609 2610
204 1079 947 6326 2458
204 1079 1224 6328 2458
204 1079 1225 9561 2458
205 1226 1204 6336 2425 2396 2611 2612
205 1226 1227 6354 2425 2396 2611 2612
206 1228 1222 6373 2493 2613 2607
206 1228 1224 6374 2493 2613 2607
206 1228 1229 11704 2493 2613 2607
207 1230 1231 6437 2574 2471 2589 2614
207 1230 1057 6438 2574 2471 2589 2614
208 1232 948 6449 2578 2533 2615
208 1232 947 6455 2578 2533 2615
208 1232 953 6486 2578 2533 2615
209 1233 911 6461 2429 2412 2605 2600 2406
209 1233 1057 6470 2429 2412 2605 2600 2406
209 1233 928 37583 2429 2412 2605 2600 2406
210 1234 947 6504 2441 2616
210 1234 1057 6505 2441 2616
211 1235 1224 6530 2617 2618 2619
211 1235 902 6539 2617 2618 2619
211 1235 890 6545 2617 2618 2619
212 1236 947 6543 2405 2429 2393 2441 2547
212 1236 1204 6547 2405 2429 2393 2441 2547
213 1237 947 6559 2620 2428 2621
213 1237 1237 6560 2620 2428 2621
213 1237 1238 69194 2620 2428 2621
214 1180 918 6610 2502 2397 2622
214 1180 1239 12286 2502 2397 2622
215 959 947 6678 2395 2457
215 959 918 6679 2395 2457
216 1240 1204 15355 2442 2623 2618 2624
216 1240 1241 18821 2442 2623 2618 2624
216 1240 1242 31894 2442 2623 2618 2624
216 1240 958 32816 2442 2623 2618 2624
217 1243 882 6855 2406 2508 2625
217 1243 947 6856 2406 2508 2625
217 1243 1244 11762 2406 2508 2625
217 1243 1245 12307 2406 2508 2625
218 1246 1247 9907 2469
218 1246 1248 10648 2469
218 1246 1249 28469 2469
218 1246 1250 148724 2469
219 1251 948 6926 2471 2626
219 1251 1252 53946 2471 2626
220 1053 882 6963 2424 2457 2561
220 1053 1253 6970 2424 2457 2561
222 1254 1255 13418 2541 2476 2544 2438
222 1254 1256 13509 2541 2476 2544 2438
223 1257 882 7084 2405 2412
223 1257 1258 19110 2405 2412
225 1260 1259 7223 2395 2424 2402 2543 2435
225 1260 1261 15048 2395 2424 2402 2543 2435
226 1262 1204 7138 2415 2571 2627
226 1262 1263 7139 2415 2571 2627
227 1262 925 7196 2415 2600 2628
227 1262 947 7201 2415 2600 2628
228 1264 947 7204 2405 2564
228 1264 882 7211 2405 2564
229 918 918 7259 2405 2429 2629
229 918 1265 7292 2405 2429 2629
229 918 1266 7486 2405 2429 2629
231 1262 1259 7492 2415 2571
231 1262 953 7493 2415 2571
232 1267 911 7587 2405 2465
232 1267 918 7590 2405 2465
233 1268 947 7601 2483 2631
233 1268 1259 7607 2483 2631
234 1053 947 7604 2629
234 1053 1110 12022 2629
235 1053 1019 7645 2415 2396 2632
235 1053 947 7965 2415 2396 2632
235 1053 1053 8035 2415 2396 2632
236 1269 963 7676 2617 2541 2435 2436
236 1269 882 7677 2617 2541 2435 2436
237 1270 1271 7687 2541 2540 2411 2533 2633
237 1270 1054 154328 2541 2540 2411 2533 2633
238 1272 947 7726 2412 2546
238 1272 911 7727 2412 2546
238 1272 915 7728 2412 2546
239 1077 953 7732 2534 2483 2634
239 1077 947 7733 2534 2483 2634
239 1077 1273 56045 2534 2483 2634
240 925 915 8954 2545 2457
240 925 925 9722 2545 2457
240 925 928 41617 2545 2457
241 1263 963 7857 2501 2482 2635
241 1263 947 7862 2501 2482 2635
242 1230 1274 7899 2470 2471 2431
242 1230 1196 7913 2470 2471 2431
243 948 947 7917 2456 2502
243 948 1259 7919 2456 2502
244 1275 918 8002 2629
244 1275 1276 18426 2629
245 1277 882 7998 2405 2429
245 1277 898 8000 2405 2429
245 1277 977 8008 2405 2429
246 1278 947 8180 2480 2454
246 1278 1278 9177 2480 2454
247 1279 947 8224 2501 2541 2436
247 1279 1280 8225 2501 2541 2436
248 1281 947 8239 2465 2636
248 1281 902 8245 2465 2636
249 1282 911 8287 2436 2579
249 1282 1283 60254 2436 2579
250 1089 1284 8305 2475 2554 2458
250 1089 923 13280 2475 2554 2458
251 953 953 8313 2513 2451 2539
251 953 1285 16380 2513 2451 2539
252 1286 953 8355 2552 2400
252 1286 947 8356 2552 2400
253 1287 1288 19439 2458
253 1287 1289 33356 2458
254 1290 1291 8453 2405 2435
254 1290 1271 8458 2405 2435
254 1290 911 8465 2405 2435
254 1290 1292 122757 2405 2435
255 1293 1053 8463 2395 2545 2462
255 1293 1271 8467 2395 2545 2462
256 1294 1294 8816 2441
256 1294 1295 137528 2441
257 1296 1297 8577 2402 2570
257 1296 1298 8578 2402 2570
257 1296 1042 13046 2402 2570
258 882 1271 8698 2470 2637
258 882 1299 9684 2470 2637
259 1148 948 8697 2395
259 1148 1053 8701 2395
260 1300 947 8710 2405 2638
260 1300 1036 8713 2405 2638
261 978 947 8761 2471 2639 2604
261 978 1301 141323 2471 2639 2604
262 1302 1036 8859 2415 2449 2422 2640
262 1302 1303 10213 2415 2449 2422 2640
262 1302 1304 11320 2415 2449 2422 2640
262 1302 1304 11482 2415 2449 2422 2640
263 1305 947 8925 2427 2641
263 1305 948 8926 2427 2641
264 1306 1307 8970 2631 2557
264 1306 1308 38728 2631 2557
265 1012 1309 8989 2431 2523 2642 2643 2644
265 1012 1271 9004 2431 2523 2642 2643 2644
265 1012 1310 16024 2431 2523 2642 2643 2644
266 1311 1271 9086 2465 2645
266 1311 1312 9087 2465 2645
267 1313 947 9136 2396
267 1313 1314 30103 2396
268 1305 1315 9166 2402 2646 2647
268 1305 1316 9190 2402 2646 2647
268 1305 1317 10084 2402 2646 2647
270 1319 882 9272 2425 2416 2649 2650
270 1319 915 9277 2425 2416 2649 2650
272 959 1320 9328 2412 2400
272 959 1321 166684 2412 2400
273 1322 1197 9373 2540 2427 2561
273 1322 1323 9408 2540 2427 2561
274 1287 1271 9395 2574 2514 2589 2651
274 1287 1057 9413 2574 2514 2589 2651
275 1008 1259 9423 2405 2522
275 1008 1204 9424 2405 2522
276 1324 1325 9451 2652 2422 2458 2640
276 1324 1326 33098 2652 2422 2458 2640
277 1327 1042 9468 2541 2436
277 1327 1328 9501 2541 2436
279 942 954 9500 2429 2610 2551
279 942 948 14491 2429 2610 2551
281 1257 1287 9552 2393 2412
281 1257 1154 9554 2393 2412
281 1257 947 13894 2393 2412
282 940 1320 9551 2653 2436
282 940 1313 9843 2653 2436
282 940 1330 11169 2653 2436
282 940 1023 12654 2653 2436
282 940 1331 12656 2653 2436
283 1287 947 9623 2601
283 1287 1332 15933 2601
284 1064 1323 9625 2590 2654 2655
284 1064 1333 9631 2590 2654 2655
285 1179 1334 9745 2424 2395 2591
285 1179 1335 9792 2424 2395 2591
285 1179 1336 23075 2424 2395 2591
285 1179 1337 41469 2424 2395 2591
285 1179 1338 42009 2424 2395 2591
286 1339 902 3301 2574 2507 2514
286 1339 1112 3303 2574 2507 2514
286 1339 911 3304 2574 2507 2514
286 1339 1340 9770 2574 2507 2514
286 1339 1271 9787 2574 2507 2514
286 1339 1341 21799 2574 2507 2514
287 1296 911 9831 2565
287 1296 1342 125076 2565
288 1343 947 9878 2501 2574
288 1343 1344 9889 2501 2574
289 1345 948 9906 2463
289 1345 1346 28070 2463
291 1350 1271 9978 2656 2657
291 1350 902 9979 2656 2657
291 1350 882 9980 2656 2657
291 1350 1351 9990 2656 2657
293 1352 947 10034 2415 2446 2448
293 1352 1271 10046 2415 2446 2448
294 1353 1204 10099 2534
294 1353 915 10104 2534
296 1354 1204 10126 2573 2546
296 1354 915 10132 2573 2546
297 959 1355 10146 2660
297 959 1071 10148 2660
297 959 1356 130281 2660
297 959 1357 181926 2660
298 1358 1359 10183 2461 2661
298 1358 1019 10184 2461 2661
299 1262 1360 10228 2571 2599
299 1262 1359 10231 2571 2599
300 1361 1204 10246 2470 2662
300 1361 1362 14821 2470 2662
301 1363 1204 10383 2393 2617 2663
301 1363 1180 10402 2393 2617 2663
302 1364 911 10367 2407
302 1364 1365 10376 2407
303 1359 1366 10449 2457 2502 2664
303 1359 1359 10834 2457 2502 2664
304 1367 1368 10477 2545 2396 2665 2666
304 1367 1369 15649 2545 2396 2665 2666
305 1370 1204 10708 2667
305 1370 1371 36745 2667
306 1345 947 10791 2395 2574
306 1345 1359 10796 2395 2574
307 1262 1372 10936 2490
307 1262 1204 10947 2490
307 1262 915 10951 2490
308 1373 1374 16237 2496 2668 2669 2670
308 1373 1375 33971 2496 2668 2669 2670
309 1361 915 11362 2650 2671
309 1361 1376 11379 2650 2671
310 1216 1330 11392 2405
310 1216 902 11397 2405
311 948 948 11401 2672
311 948 1377 11404 2672
312 1378 1145 11764 2480 2673 2618
312 1378 947 11779 2480 2673 2618
313 1379 947 12209 2427 2464
313 1379 1380 18343 2427 2464
313 1379 1381 26979 2427 2464
314 1382 1271 12271 2656 2481
314 1382 1383 12272 2656 2481
315 1384 948 12321 2406 2674
315 1384 1019 12328 2406 2674
316 1385 1386 12346 2429 2400
316 1385 902 12348 2429 2400
316 1385 1244 12414 2429 2400
316 1385 1245 13995 2429 2400
316 1385 1387 14577 2429 2400
316 1385 1388 15954 2429 2400
316 1385 925 17761 2429 2400
316 1385 1389 28139 2429 2400
316 1385 1390 37954 2429 2400
316 1385 1391 56383 2429 2400
316 1385 928 130478 2429 2400
317 1392 1393 12526 2424
317 1392 1261 22591 2424
318 1394 1395 12504 2457 2675
318 1394 1396 21393 2457 2675
320 1398 1123 12609 2412 2495 2413 2606
320 1398 902 12611 2412 2495 2413 2606
320 1398 902 12612 2412 2495 2413 2606
320 1398 1399 12751 2412 2495 2413 2606
320 1398 1180 13564 2412 2495 2413 2606
320 1398 1036 52702 2412 2495 2413 2606
321 1400 1401 12617 2424 2566
321 1400 1031 43539 2424 2566
322 1402 1403 28158 2676
322 1402 1404 31814 2676
322 1402 1405 43848 2676
322 1402 1406 52143 2676
323 1126 902 12759 2482 2515
323 1126 1366 12784 2482 2515
324 899 948 12767 2481 2677
324 899 882 12768 2481 2677
325 902 898 12816 2434 2507 2441
325 902 911 12821 2434 2507 2441
327 1057 1408 12925 2424 2591 2612
327 1057 1036 12927 2424 2591 2612
329 1409 1019 12966 2451 2473 2428 2680
329 1409 1410 16163 2451 2473 2428 2680
329 1409 1025 16194 2451 2473 2428 2680
329 1409 928 45966 2451 2473 2428 2680
330 902 1271 13006 2579 2504
330 902 915 13009 2579 2504
331 1372 948 13215 2412 2681
331 1372 1411 130467 2412 2681
332 1223 1412 13209 2480 2420 2682 2394
332 1223 1227 13212 2480 2420 2682 2394
333 1142 1386 13336 2394
333 1142 1231 13338 2394
333 1142 911 13339 2394
333 1142 1413 13349 2394
335 1417 1245 14554 2435 2493 2436
335 1417 1418 78530 2435 2493 2436
336 1419 1271 13522 2407 2683 2442 2684
336 1419 947 13523 2407 2683 2442 2684
336 1419 1077 13526 2407 2683 2442 2684
337 1230 1245 13546 2545 2470
337 1230 1036 29153 2545 2470
338 1262 1420 14646 2421 2685
338 1262 1019 14650 2421 2685
339 1421 902 13853 2673 2399 2454
339 1421 911 13863 2673 2399 2454
339 1421 1422 13864 2673 2399 2454
340 1423 1036 14047 2470 2541 2686
340 1423 1424 126265 2470 2541 2686
341 1425 1036 14106 2540 2587
341 1425 947 14109 2540 2587
342 1426 948 14220 2416
342 1426 1057 14221 2416
343 1036 1427 14265 2405 2601
343 1036 1428 28738 2405 2601
343 1036 1429 44276 2405 2601
345 1431 923 14381 2436
345 1431 911 14383 2436
345 1431 1432 14419 2436
346 1036 1019 14431 2688
346 1036 1036 15186 2688
346 1036 928 27892 2688
347 1433 947 14531 2588 2689
347 1433 1036 14532 2588 2689
347 1433 1434 31910 2588 2689
347 1433 1435 38448 2588 2689
348 1436 1006 14596 2415 2541 2493 2436
348 1436 1437 138981 2415 2541 2493 2436
349 1438 902 14686 2405 2572
349 1438 1439 14728 2405 2572
350 1351 1440 14700 2467
350 1351 1441 14704 2467
351 902 902 14767 2690 2416 2672
351 902 1442 32085 2690 2416 2672
352 1443 1443 14979 2495 2691 2414
352 1443 1444 22228 2495 2691 2414
353 1445 1387 14911 2405
353 1445 1446 14914 2405
353 1445 1245 14921 2405
353 1445 1447 25986 2405
353 1445 1448 108436 2405
353 1445 1449 157255 2405
354 1450 947 14930 2470 2552 2394
354 1450 1204 14931 2470 2552 2394
355 1023 902 14943 2480 2411 2534
355 1023 882 14945 2480 2411 2534
356 1451 1452 14951 2405 2429
356 1451 947 14953 2405 2429
358 1455 1057 15051 2574
358 1455 1456 141340 2574
359 1457 1453 15129 2416 2692
359 1457 1271 15130 2416 2692
360 1458 1036 15385 2407 2596
360 1458 1459 15393 2407 2596
361 1460 1461 16160 2502
361 1460 1462 16182 2502
362 1463 1463 15758 2397 2505 2506
362 1463 1464 16927 2397 2505 2506
363 1465 948 15702 2605
363 1465 915 15703 2605
363 1465 1036 15704 2605
363 1465 1466 15749 2605
364 1467 1271 15802 2415 2568
364 1467 1036 15803 2415 2568
365 1468 1469 17120 2447 2693
365 1468 1470 19318 2447 2693
366 1471 1323 15898 2561 2690
366 1471 1472 21912 2561 2690
366 1471 1003 25583 2561 2690
367 1473 1261 15950 2395 2501
367 1473 882 15960 2395 2501
368 993 1413 16027 2396
368 993 1474 32919 2396
369 1475 948 16251 2541 2454 2694
369 1475 928 44200 2541 2454 2694
372 1476 1261 16851 2424 2402
372 1476 1478 16852 2424 2402
373 1479 1478 16916 2396 2539 2588
373 1479 1480 54758 2396 2539 2588
373 1479 1481 56312 2396 2539 2588
373 1479 1482 155895 2396 2539 2588
375 947 947 17153 2471 2697 2523
375 947 1485 66812 2471 2697 2523
375 947 1486 171497 2471 2697 2523
376 1465 1261 17197 2416
376 1465 1487 17202 2416
377 1488 948 17211 2405 2429
377 1488 1489 17212 2405 2429
378 1490 948 17225 2402 2690 2443
378 1490 1491 23714 2402 2690 2443
379 882 1492 17329 2690 2565 2698
379 882 1181 17440 2690 2565 2698
380 1073 1493 20324 2545 2690
380 1073 1494 21713 2545 2690
380 1073 1495 26993 2545 2690
380 1073 1496 87717 2545 2690
381 1497 948 17345 2429 2693
381 1497 1497 17592 2429 2693
381 1497 1241 18105 2429 2693
382 1498 1036 17604 2483 2657
382 1498 1180 17674 2483 2657
383 1497 1036 17585 2393 2693
383 1497 1241 18104 2393 2693
384 978 1499 17746 2424
384 978 1500 17767 2424
385 1501 925 17762 2699
385 1501 1366 17772 2699
385 1501 915 17780 2699
387 1503 947 17805 2470 2502
387 1503 1036 17817 2470 2502
388 1398 1004 17872 2405 2697 2508 2700
388 1398 947 17874 2405 2697 2508 2700
388 1398 1349 32077 2405 2697 2508 2700
389 1504 1505 18115 2701
389 1504 931 18117 2701
389 1504 1506 18128 2701
389 1504 1507 18137 2701
389 1504 1508 18159 2701
389 1504 1509 18255 2701
389 1504 1510 24311 2701
390 1511 1511 18173 2540 2428
390 1511 1512 36225 2540 2428
391 1513 1271 18238 2547 2702
391 1513 1514 18323 2547 2702
391 1513 928 28198 2547 2702
392 1515 1271 18246 2518
392 1515 1507 18247 2518
393 1179 1391 18270 2429 2424
393 1179 1387 18272 2429 2424
394 1443 988 18399 2395 2424 2542 2426 2703
394 1443 1516 18409 2395 2424 2542 2426 2703
394 1443 1517 18512 2395 2424 2542 2426 2703
395 1518 948 18452 2489 2585
395 1518 1519 34731 2489 2585
395 1518 1520 167978 2489 2585
396 1521 1204 18470 2690 2704 2705
396 1521 1522 18472 2690 2704 2705
397 1391 1523 18532 2673 2566
397 1391 1524 112693 2673 2566
398 1525 948 18602 2394 2706
398 1525 911 18845 2394 2706
399 1378 882 18646 2412 2413
399 1378 1526 32859 2412 2413
401 1528 947 18949 2429 2470
401 1528 1528 19059 2429 2470
402 1529 1204 19001 2395 2488 2707 2708 2638
402 1529 1271 19002 2395 2488 2707 2708 2638
402 1529 928 25786 2395 2488 2707 2708 2638
404 1533 1534 19148 2405 2604
404 1533 1387 19149 2405 2604
405 1535 948 19275 2504 2464 2621
405 1535 915 19291 2504 2464 2621
406 1536 1416 19290 2443 2709
406 1536 1003 23879 2443 2709
406 1536 1537 29705 2443 2709
407 1538 1539 19505 2541 2496 2710 2711
407 1538 1540 28977 2541 2496 2710 2711
407 1538 1541 35055 2541 2496 2710 2711
408 1539 947 19441 2496 2698 2711
408 1539 1539 19480 2496 2698 2711
410 1543 1204 19559 2405
410 1543 1544 27191 2405
410 1543 1545 160487 2405
411 1546 1004 19567 2465 2397 2690
411 1546 1547 22064 2465 2397 2690
411 1546 1271 23932 2465 2397 2690
411 1546 1548 23984 2465 2397 2690
411 1546 1549 26556 2465 2397 2690
412 1550 948 19675 2523 2444 2685
412 1550 1551 38690 2523 2444 2685
413 1552 1204 19678 2698 2714 2517
413 1552 1387 19683 2698 2714 2517
414 1553 948 19714 2540 2508 2555
414 1553 1554 105881 2540 2508 2555
414 1553 1555 176590 2540 2508 2555
415 1556 1204 19825 2393 2673
415 1556 1271 19829 2393 2673
415 1556 1557 20074 2393 2673
416 1416 948 19937 2405 2429
416 1416 1549 20793 2405 2429
416 1416 1558 106755 2405 2429
417 948 1559 19995 2690 2577
417 948 1019 20465 2690 2577
417 948 1258 20654 2690 2577
417 948 948 20663 2690 2577
418 1560 1204 20068 2545 2690 2622
418 1560 1561 20978 2545 2690 2622
419 1012 1325 20140 2546
419 1012 1204 20141 2546
421 1564 1019 20290 2653 2715
421 1564 1565 38492 2653 2715
421 1564 1448 110394 2653 2715
422 1012 1012 20391 2429 2495 2414
422 1012 1566 27810 2429 2495 2414
422 1012 1567 58529 2429 2495 2414
423 1568 1140 20458 2716 2717
423 1568 1569 30278 2716 2717
424 1570 1416 20488 2467 2718 2418
424 1570 915 20540 2467 2718 2418
425 1571 1271 20505 2685
425 1571 1572 28036 2685
426 1573 1549 20638 2402 2446 2503
426 1573 928 28245 2402 2446 2503
427 1574 1575 20838 2429 2546
427 1574 1576 27792 2429 2546
427 1574 1577 28164 2429 2546
427 1574 928 37924 2429 2546
427 1574 928 69964 2429 2546
427 1574 1578 82820 2429 2546
428 1579 1580 20682 2424 2543 2588 2719
428 1579 1416 20693 2424 2543 2588 2719
429 1581 948 20714 2598
429 1581 1582 35214 2598
430 1583 1549 20794 2429
430 1583 947 32592 2429
431 1584 1416 20760 2720
431 1584 1584 20764 2720
432 1585 915 20860 2429 2552 2495
432 1585 1586 61303 2429 2552 2495
433 948 1587 25194 2402 2483 2442
433 948 1204 25195 2402 2483 2442
433 948 1003 25196 2402 2483 2442
434 1588 1589 21020 2435 2454 2436 2721
434 1588 1549 21021 2435 2454 2436 2721
435 1590 911 21113 2405 2431 2678
435 1590 928 38277 2405 2431 2678
436 1591 948 21146 2436 2646
436 1591 1181 21158 2436 2646
437 1592 948 21150 2502 2495 2442
437 1592 1593 21160 2502 2495 2442
439 1596 947 21297 2722
439 1596 948 21299 2722
441 1598 1271 21373 2543 2613
441 1598 1599 67689 2543 2613
442 1600 1601 21451 2431 2700
442 1600 928 27913 2431 2700
444 1602 1577 26615 2544 2675 2725 2680
444 1602 1603 26699 2544 2675 2725 2680
445 1600 1604 21544 2429 2397
445 1600 1605 38152 2429 2397
446 1606 948 21567 2470
446 1606 1607 21568 2470
448 1609 1609 21801 2532 2531
448 1609 918 21814 2532 2531
449 1123 947 21804 2603 2552 2642 2709
449 1123 948 21805 2603 2552 2642 2709
450 1001 1610 21944 2397 2595 2570
450 1001 1349 29912 2397 2595 2570
451 1611 1057 21973 2480 2692 2728 2601 2729
451 1611 1416 21977 2480 2692 2728 2601 2729
452 1612 1613 22149 2424 2412
452 1612 1003 23941 2424 2412
453 1614 1416 22224 2429 2451 2730
453 1614 1615 24434 2429 2451 2730
454 1534 1616 22283 2690 2502
454 1534 915 22299 2690 2502
455 1617 1416 22375 2463 2731
455 1617 948 22386 2463 2731
456 1001 1549 22720 2459
456 1001 1618 67279 2459
457 1619 1620 23233 2424 2473 2732
457 1619 1549 23281 2424 2473 2732
457 1619 1621 28010 2424 2473 2732
458 1622 1057 22885 2393
458 1622 1622 22927 2393
459 1623 1549 23000 2516
459 1623 911 23016 2516
459 1623 1624 81017 2516
460 1625 1626 23211 2435 2733
460 1625 1627 23212 2435 2733
461 1628 1629 23358 2431 2540
461 1628 1630 23608 2431 2540
461 1628 1631 81075 2431 2540
462 1632 1140 23587 2538 2721 2734
462 1632 1632 23654 2538 2721 2734
463 1633 1634 23584 2393 2454
463 1633 1123 23585 2393 2454
464 1635 1388 23625 2579
464 1635 1487 23626 2579
464 1635 1636 23633 2579
465 1637 1608 23645 2433 2735
465 1637 1019 23656 2433 2735
465 1637 1123 24844 2433 2735
466 1036 1638 23839 2465 2609
466 1036 948 23850 2465 2609
467 1639 1271 23940 2518 2648
467 1639 1036 23942 2518 2648
468 1004 1003 24120 2464
468 1004 1640 125459 2464
469 1641 1036 24248 2736
469 1641 1549 24251 2736
470 1642 1549 24250 2483
470 1642 902 24254 2483
470 1642 1123 24255 2483
470 1642 1643 24276 2483
471 1644 1645 38326 2545 2495
471 1644 1646 51441 2545 2495
471 1644 1647 52256 2545 2495
471 1644 1647 52263 2545 2495
472 1648 1649 24544 2690 2456 2412 2737
472 1648 1650 32602 2690 2456 2412 2737
473 1651 1652 24413 2436 2738
473 1651 1653 33168 2436 2738
474 1654 1123 24438 2739
474 1654 1655 24442 2739
474 1654 1656 186473 2739
475 1657 1416 24532 2554 2475 2740
475 1657 1658 33514 2554 2475 2740
476 1659 1003 24529 2471 2523 2709
476 1659 1271 24538 2471 2523 2709
477 1660 1661 24565 2436 2579
477 1660 1271 24579 2436 2579
478 1662 1123 24618 2444 2582
478 1662 1031 36401 2444 2582
479 1663 1664 24707 2673 2732
479 1663 1665 26004 2673 2732
480 1666 1031 24757 2690 2578 2741
480 1666 1036 24759 2690 2578 2741
481 1667 1549 24804 2429 2742
481 1667 1416 32729 2429 2742
482 1668 948 24925 2493 2579 2743
482 1668 1669 24927 2493 2579 2743
482 1668 1670 25252 2493 2579 2743
483 1123 947 24984 2495
483 1123 1266 25013 2495
483 1123 1671 25336 2495
483 1123 1672 41795 2495
484 1673 1674 25367 2744 2745
484 1673 1675 32773 2744 2745
485 1676 1123 25179 2396 2482
485 1676 928 25192 2396 2482
486 1677 1677 25287 2488 2515 2746 2747
486 1677 1678 63190 2488 2515 2746 2747
487 1679 1659 25205 2476 2449
487 1679 1680 25214 2476 2449
487 1679 1416 25219 2476 2449
488 1681 928 25264 2405 2429
488 1681 1003 25282 2405 2429
488 1681 1292 120158 2405 2429
489 1682 1019 25472 2690 2516 2748
489 1682 1683 103226 2690 2516 2748
491 1378 1685 25625 2590 2618
491 1378 1308 66829 2590 2618
492 1686 1577 25845 2532 2740 2749
492 1686 1416 25894 2532 2740 2749
493 1638 1687 25903 2412 2402 2540 2538
493 1638 911 25941 2412 2402 2540 2538
494 1688 1003 26013 2748 2462
494 1688 1689 45174 2748 2462
496 1690 1003 26108 2543 2750
496 1690 1036 28090 2543 2750
497 1019 1019 26158 2698
497 1019 1577 28237 2698
499 1692 948 26397 2429 2743
499 1692 1693 26398 2429 2743
499 1692 967 26417 2429 2743
500 1694 1577 26457 2456 2502
500 1694 1695 26458 2456 2502
501 1696 1576 26546 2690 2465
501 1696 1697 29104 2690 2465
503 1699 1577 26811 2429 2446 2447
503 1699 1700 48969 2429 2446 2447
504 1701 1702 26889 2412 2520 2752
504 1701 1703 26890 2412 2520 2752
504 1701 1701 26907 2412 2520 2752
504 1701 1704 117183 2412 2520 2752
504 1701 1705 131131 2412 2520 2752
505 1691 1706 27955 2719 2743
505 1691 1707 32936 2719 2743
506 1708 928 27130 2505 2506 2753
506 1708 1709 46202 2505 2506 2753
507 1391 1003 37056 2405 2522
507 1391 1710 46712 2405 2522
508 1711 928 27168 2429
508 1711 1712 133122 2429
509 945 1031 27233 2604
509 945 928 27238 2604
510 1576 1713 27280 2435 2645
510 1576 1576 27348 2435 2645
511 1714 882 27397 2470 2697 2754
511 1714 1031 27402 2470 2697 2754
511 1714 911 27421 2470 2697 2754
511 1714 1715 27449 2470 2697 2754
512 1716 1577 27488 2407 2444 2445 2597
512 1716 1003 27492 2407 2444 2445 2597
512 1716 1717 36768 2407 2444 2445 2597
513 1718 1577 27582 2424 2435 2591 2655
513 1718 928 27584 2424 2435 2591 2655
515 1719 1387 27693 2424 2591 2755 2403
515 1719 1720 27699 2424 2591 2755 2403
516 1721 1031 27747 2412 2534
516 1721 1610 27750 2412 2534
518 1036 1036 27809 2429 2502 2552 2488 2756
518 1036 1722 48141 2429 2502 2552 2488 2756
519 1723 928 27819 2457 2404
519 1723 1724 27820 2457 2404
519 1723 1416 27827 2457 2404
520 1036 1036 28081 2405
520 1036 1576 28082 2405
520 1036 928 28083 2405
520 1036 1144 28115 2405
520 1036 1725 28465 2405
521 1726 1271 28097 2429 2552 2757
521 1726 1727 70021 2429 2552 2757
522 1728 1204 28102 2403 2758
522 1728 1728 28261 2403 2758
523 1729 1730 28223 2689
523 1729 1731 28224 2689
524 1732 1733 29546 2496 2698 2759
524 1732 1375 33405 2496 2698 2759
525 928 1204 28315 2431
525 928 1416 28601 2431
525 928 1734 37687 2431
525 928 928 37738 2431
525 928 1735 55292 2431
525 928 1736 57603 2431
525 928 1737 159860 2431
525 928 884 182183 2431
526 1738 1739 28351 2688
526 1738 1031 28377 2688
528 1741 1428 28533 2424
528 1741 1742 28577 2424
529 1743 1743 28569 2470 2424 2760
529 1743 958 60956 2470 2424 2760
530 1744 1577 28749 2424 2541 2543 2561
530 1744 1745 28899 2424 2541 2543 2561
531 1716 1577 28802 2549 2761
531 1716 1428 28803 2549 2761
531 1716 1036 28814 2549 2761
532 1746 1057 28854 2402 2698 2762
532 1746 1576 28858 2402 2698 2762
532 1746 1747 28912 2402 2698 2762
533 1001 1687 28886 2431 2642 2709 2644
533 1001 1748 28958 2431 2642 2709 2644
534 1749 1750 28900 2405 2698 2763
534 1749 1036 28910 2405 2698 2763
535 1230 1003 28895 2764 2454
535 1230 928 28906 2764 2454
536 1751 1687 28928 2765
536 1751 1577 28929 2765
537 1752 1753 29077 2454 2436
537 1752 1428 29078 2454 2436
537 1752 1754 29100 2454 2436
537 1752 1755 44743 2454 2436
538 1756 1577 29195 2412 2502 2537 2766
538 1756 1416 29198 2412 2502 2537 2766
539 1757 1001 29257 2435
539 1757 1758 73435 2435
540 1759 1031 29579 2424 2698 2763
540 1759 1759 29851 2424 2698 2763
541 1760 1416 29441 2394
541 1760 1720 29883 2394
541 1760 1761 60275 2394
542 1762 1669 29419 2505
542 1762 1763 45250 2505
543 1764 1765 29474 2668
543 1764 1766 31942 2668
544 1767 1768 34809 2566
544 1767 1769 52770 2566
545 1770 1771 29606 2454 2642 2767
545 1770 1261 29613 2454 2642 2767
546 1772 911 29603 2574
546 1772 1017 29649 2574
547 1773 1031 29744 2748 2768 2769
547 1773 928 29745 2748 2768 2769
548 1774 1775 52121 2540 2709 2428
548 1774 1776 52136 2540 2709 2428
549 1777 1031 29964 2396
549 1777 1428 29965 2396
550 1778 1416 30102 2463 2613 2464
550 1778 1779 30106 2463 2613 2464
551 1576 911 30147 2763 2523 2589 2645
551 1576 928 30149 2763 2523 2589 2645
552 1778 1780 30158 2463 2613 2464
552 1778 1781 55417 2463 2613 2464
552 1778 1782 160931 2463 2613 2464
553 1783 1349 30205 2479 2461
553 1783 1784 139993 2479 2461
554 1759 928 30225 2688
554 1759 1389 74660 2688
555 1785 1786 30341 2660 2767
555 1785 1787 54120 2660 2767
555 1785 1788 124181 2660 2767
556 1785 928 30348 2457 2573 2512
556 1785 1534 30365 2457 2573 2512
557 1789 928 30371 2469
557 1789 1790 30585 2469
558 1791 1792 30552 2770 2468
558 1791 902 30555 2770 2468
559 1716 1793 30733 2429 2416 2564
559 1716 1549 30748 2429 2416 2564
560 1794 1471 32212 2771
560 1794 1325 32218 2771
561 1001 1416 32289 2708
561 1001 1795 49802 2708
562 1796 928 35700 2451 2772
562 1796 1797 75932 2451 2772
563 1027 1471 32700 2773
563 1027 1292 127947 2773
564 1798 928 32905 2482
564 1798 1798 32909 2482
565 1799 1800 33144 2621
565 1799 928 33153 2621
566 1801 928 33279 2690 2451 2774
566 1801 1802 54884 2690 2451 2774
567 1803 1004 33325 2775 2776
567 1803 1245 33333 2775 2776
568 1804 1804 33733 2429 2552
568 1804 1805 34466 2429 2552
569 1799 928 33707 2435 2436 2454
569 1799 911 33720 2435 2436 2454
570 1684 1806 34062 2429 2432
570 1684 1807 147872 2429 2432
572 1552 1810 34155 2698 2504 2704 2637
572 1552 928 34166 2698 2504 2704 2637
573 1811 1019 34188 2777 2778 2779
573 1811 1811 34189 2777 2778 2779
574 1812 1003 34238 2424 2457 2502 2595
574 1812 928 34240 2424 2457 2502 2595
575 1813 1004 34303 2540
575 1813 1325 34306 2540
576 1814 1806 34363 2780
576 1814 1815 34366 2780
579 1123 1123 34685 2465 2777 2716
579 1123 1817 46955 2465 2777 2716
580 1347 1818 46523 2540 2464 2783
580 1347 1819 203636 2540 2464 2783
581 1820 1123 34688 2431 2678
581 1820 1816 34715 2431 2678
582 1821 1810 34758 2416 2400
582 1821 1325 34760 2416 2400
583 1822 1823 34788 2405 2593 2784
583 1822 928 34806 2405 2593 2784
584 928 1031 34970 2454 2785
584 928 928 34972 2454 2785
585 1600 1600 35094 2435 2454 2777
585 1600 1824 42391 2435 2454 2777
586 1825 1826 35371 2541 2748 2732 2786
586 1825 1827 39478 2541 2748 2732 2786
587 1828 902 35344 2493 2759 2593
587 1828 1805 35345 2493 2759 2593
588 1829 1349 35414 2480 2513 2505 2587 2506
588 1829 1004 35415 2480 2513 2505 2587 2506
590 1830 1816 35581 2561 2777 2776 2787 2788
590 1830 1003 35911 2561 2777 2776 2787 2788
590 1830 1831 42932 2561 2777 2776 2787 2788
590 1830 1832 86630 2561 2777 2776 2787 2788
590 1830 1715 103167 2561 2777 2776 2787 2788
591 1833 882 35665 2429 2500
591 1833 1834 35666 2429 2500
592 1835 1004 35667 2540 2513 2428 2789 2679
592 1835 928 35671 2540 2513 2428 2789 2679
593 1836 1837 36354 2540 2515 2428
593 1836 1838 142608 2540 2515 2428
594 1839 1839 35759 2402 2474
594 1839 1805 35761 2402 2474
594 1839 928 35766 2402 2474
595 1004 928 35848 2534 2790
595 1004 1840 42218 2534 2790
596 1841 1842 44150 2777 2624
596 1841 1843 65611 2777 2624
597 1844 1845 36221 2743 2791
597 1844 1846 36222 2743 2791
599 1849 1004 36314 2743 2773 2793
599 1849 1850 36350 2743 2773 2793
600 1851 1816 36331 2480 2415 2455
600 1851 928 36336 2480 2415 2455
601 1852 1852 37309 2458
601 1852 1391 37312 2458
601 1852 1853 37368 2458
602 1703 1854 67311 2426 2794 2795
602 1703 1855 74621 2426 2794 2795
604 1857 928 37879 2523 2697 2394
604 1857 1004 37880 2523 2697 2394
605 1722 1839 37971 2652 2486
605 1722 1858 37993 2652 2486
605 1722 1859 83975 2652 2486
605 1722 1860 126179 2652 2486
606 1651 1019 38133 2797
606 1651 1861 46159 2797
606 1651 1862 51031 2797
607 1576 948 38298 2605 2461
607 1576 1863 197576 2605 2461
608 1864 1019 38364 2798
608 1864 1865 38479 2798
609 1866 928 38765 2508 2799
609 1866 1866 38911 2508 2799
611 943 1391 39140 2763 2801
611 943 1869 39141 2763 2801
612 1308 902 39232 2777 2618
612 1308 1031 62651 2777 2618
613 1870 928 39504 2456 2410
613 1870 902 39506 2456 2410
615 1308 948 39650 2470 2471 2523 2643
615 1308 1872 47434 2470 2471 2523 2643
616 1873 1874 40886 2710
616 1873 1875 41090 2710
617 1876 1391 40063 2470 2427 2428
617 1876 928 40066 2470 2427 2428
618 1757 1292 114033 2540 2407 2515 2428 2613
618 1757 1877 157809 2540 2407 2515 2428 2613
618 1757 1878 201509 2540 2407 2515 2428 2613
619 1308 1879 42584 2456 2511 2728
619 1308 1308 42598 2456 2511 2728
619 1308 1880 43741 2456 2511 2728
620 1881 1031 41223 2541 2620 2768 2710 2803
620 1881 1882 134039 2541 2620 2768 2710 2803
621 1883 1416 40464 2540
621 1883 1884 123067 2540
622 1885 1885 47117 2402
622 1885 1886 179704 2402
622 1885 1887 188796 2402
623 1888 1816 40946 2541 2609 2743 2427 2804
623 1888 1429 45955 2541 2609 2743 2427 2804
623 1888 1889 60733 2541 2609 2743 2427 2804
624 1890 1811 40992 2805
624 1890 1429 51045 2805
625 1201 1891 41488 2671 2806
625 1201 1892 66730 2671 2806
626 1308 1603 41894 2778
626 1308 1893 68246 2778
627 1894 1895 42082 2807
627 1894 1896 42583 2807
627 1894 1897 140476 2807
628 1898 1031 42133 2412 2639
628 1898 911 42517 2412 2639
629 928 928 42629 2431 2495 2432 2756 2808
629 928 1429 49425 2431 2495 2432 2756 2808
629 928 1899 87808 2431 2495 2432 2756 2808
630 1900 1901 43994 2429 2447
630 1900 1902 44006 2429 2447
630 1900 1903 55800 2429 2447
630 1900 902 60589 2429 2447
631 928 928 42475 2540 2552
631 928 1904 102424 2540 2552
631 928 1905 120073 2540 2552
632 1906 1906 42703 2690 2763 2743 2561 2809
632 1906 1907 44528 2690 2763 2743 2561 2809
633 1225 1908 80968 2411 2728
633 1225 1909 137551 2411 2728
634 1603 1910 42798 2810
634 1603 1911 141656 2810
635 1912 928 42959 2429 2441 2564
635 1912 1913 42968 2429 2441 2564
636 1914 1914 43402 2400 2811
636 1914 1915 45457 2400 2811
636 1914 1916 49117 2400 2811
637 1917 1918 43369 2442
637 1917 928 43390 2442
638 1919 928 43414 2431 2812
638 1919 1920 162027 2431 2812
639 1921 1271 43450 2810
639 1921 958 88056 2810
640 1922 928 43448 2538
640 1922 1342 155682 2538
641 1923 1918 43464 2397 2595 2777
641 1923 1603 43477 2397 2595 2777
642 1912 1031 43518 2574 2505 2506
642 1912 928 43522 2574 2505 2506
642 1912 1924 152366 2574 2505 2506
643 1684 1019 43867 2813
643 1684 928 43879 2813
644 1925 1349 43893 2441
644 1925 1271 43896 2441
645 1926 1927 43974 2538 2797
645 1926 1928 49901 2538 2797
646 1929 1036 44038 2814
646 1929 1930 44039 2814
646 1929 1823 44180 2814
646 1929 1931 89795 2814
647 1932 882 44295 2546
647 1932 928 51458 2546
648 1933 1933 44593 2465 2777 2612
648 1933 1934 81166 2465 2777 2612
649 1935 1429 44595 2683 2600 2815
649 1935 915 44597 2683 2600 2815
650 1936 1936 44733 2429 2495
650 1936 1937 53518 2429 2495
650 1936 1938 59552 2429 2495
651 1939 948 45073 2402 2428 2613
651 1939 928 45074 2402 2428 2613
652 1940 1941 45102 2747 2816
652 1940 1942 189144 2747 2816
653 1943 1429 45604 2540 2752
653 1943 1944 202285 2540 2752
654 1012 1927 45797 2477 2817
654 1012 1945 46174 2477 2817
655 1946 1946 46144 2393 2540 2723
655 1946 1947 57356 2393 2540 2723
655 1946 1948 87392 2393 2540 2723
655 1946 1949 106468 2393 2540 2723
656 1552 1816 46215 2435 2436
656 1552 1634 46250 2435 2436
657 1950 1818 46321 2561 2787
657 1950 1951 59687 2561 2787
657 1950 1952 108385 2561 2787
657 1950 1953 108684 2561 2787
658 1690 1429 46988 2496 2565
658 1690 1954 52670 2496 2565
658 1690 1955 196941 2496 2565
659 1956 1610 57549 2576
659 1956 1957 103956 2576
660 1570 1958 47460 2673 2572 2781
660 1570 1959 47479 2673 2572 2781
661 1960 915 48408 2542 2818
661 1960 1961 55849 2542 2818
662 1962 1872 47887 2502
662 1962 1963 104022 2502
662 1962 1964 182426 2502
663 1965 1966 47925 2405 2588 2587
663 1965 928 47951 2405 2588 2587
664 1421 1967 50298 2590 2797 2819
664 1421 1968 52069 2590 2797 2819
665 1969 1969 49069 2465 2543 2446 2820
665 1969 1970 95461 2465 2543 2446 2820
666 902 902 48902 2488
666 902 1971 48962 2488
667 1972 1973 48943 2429 2522 2821
667 1972 1974 55590 2429 2522 2821
668 1975 1429 49070 2540 2504 2428 2464
668 1975 1976 86151 2540 2504 2428 2464
669 1977 1978 50222 2488
669 1977 1979 154380 2488
670 1453 1391 50483 2624 2822 2823
670 1453 1980 52669 2624 2822 2823
672 1722 1722 51066 2825 2826
672 1722 1981 51778 2825 2826
673 1982 1983 51584 2429 2416 2397
673 1982 928 104830 2429 2416 2397
674 1984 928 51691 2564
674 1984 1391 51702 2564
675 1201 1019 51740 2827 2828
675 1201 1429 51741 2827 2828
677 1986 1839 52186 2764 2830
677 1986 1577 52187 2764 2830
678 1987 1983 52351 2505 2743 2822 2624 2823
678 1987 1988 52876 2505 2743 2822 2624 2823
679 1989 1990 57372 2534 2411
679 1989 1991 58287 2534 2411
680 1992 928 52837 2483 2570 2831
680 1992 1993 194550 2483 2570 2831
681 1994 1983 53066 2416
681 1994 1036 53067 2416
682 1009 1009 54541 2427 2588 2589 2464 2832
682 1009 1818 54822 2427 2588 2589 2464 2832
683 1995 1057 53605 2393 2833 2834
683 1995 928 53607 2393 2833 2834
684 1996 1391 54029 2412 2499
684 1996 1003 54034 2412 2499
684 1996 928 54035 2412 2499
684 1996 1997 67482 2412 2499
685 1998 928 54162 2469 2822 2586
685 1998 1999 54164 2469 2822 2586
686 2000 2001 54772 2393 2394 2706
686 2000 2002 54854 2393 2394 2706
687 2003 2003 56674 2694
687 2003 2004 65242 2694
688 2005 2006 55669 2405 2429 2412 2547
688 2005 928 55670 2405 2429 2412 2547
688 2005 1983 55671 2405 2429 2412 2547
688 2005 2007 55715 2405 2429 2412 2547
689 2008 948 56621 2540 2401
689 2008 2009 162256 2540 2401
690 2010 2011 104153 2835
690 2010 2012 177760 2835
690 2010 2013 193858 2835
690 2010 2014 199496 2835
692 2016 1429 57915 2837 2838 2839
692 2016 2017 57995 2837 2838 2839
693 1378 2018 58922 2673 2587 2506
693 1378 2019 60020 2673 2587 2506
693 1378 2020 67513 2673 2587 2506
695 1935 928 58408 2470
695 1935 2022 58409 2470
696 2023 1391 58646 2840
696 2023 2023 60041 2840
697 2024 1634 59406 2458
697 2024 2025 59407 2458
698 2026 2027 60827 2429 2500
698 2026 1271 60829 2429 2500
699 1391 2025 60895 2545 2457 2837
699 1391 1804 85438 2545 2457 2837
700 2028 2029 66949 2505 2587 2506
700 2028 2030 110918 2505 2587 2506
701 2028 1271 60924 2613
701 2028 928 60930 2613
702 2031 2031 61125 2465 2837 2716 2717
702 2031 2032 61214 2465 2837 2716 2717
703 2033 2034 61544 2405 2429 2552 2464
703 2033 2035 137503 2405 2429 2552 2464
704 2036 2036 61651 2540 2825 2841
704 2036 2037 69822 2540 2825 2841
705 2038 2034 61819 2837 2842 2509
705 2038 2039 66937 2837 2842 2509
706 2040 2041 61959 2429 2622
706 2040 2042 86042 2429 2622
707 2043 2044 61992 2540 2825
707 2043 2045 116773 2540 2825
708 2046 928 62225 2412 2534 2709 2768
708 2046 2047 83586 2412 2534 2709 2768
709 2048 1429 62393 2402 2507 2843
709 2048 2049 83687 2402 2507 2843
711 2051 1429 63173 2673 2493 2769
711 2051 1019 63174 2673 2493 2769
712 2052 1429 58833 2523 2471 2427 2697 2491
712 2052 911 63636 2523 2471 2427 2697 2491
712 2052 1036 63654 2523 2471 2427 2697 2491
713 1900 1391 63751 2457 2683 2844
713 1900 1900 63898 2457 2683 2844
714 2053 1429 63761 2545 2837
714 2053 2053 63958 2545 2837
715 2054 928 64364 2540 2400
715 2054 2055 133801 2540 2400
716 2056 2025 64695 2430
716 2056 2057 64714 2430
717 2058 1429 64805 2400
717 2058 1271 64864 2400
718 2059 2060 65558 2416
718 2059 1983 65578 2416
718 2059 2061 65580 2416
718 2059 2062 65587 2416
719 2063 1019 65926 2405 2406
719 2063 2064 65929 2405 2406
719 2063 2065 119669 2405 2406
720 2066 1271 66194 2513
720 2066 2067 66298 2513
721 2068 2069 66252 2598 2634
721 2068 1271 66253 2598 2634
723 1720 2070 67162 2412
723 1720 2071 67287 2412
724 2072 2073 67238 2429 2441 2432
724 2072 1429 67239 2429 2441 2432
725 2074 2075 68450 2845 2846
725 2074 2076 68466 2845 2846
727 2079 2080 69010 2743 2586
727 2079 1610 69011 2743 2586
728 2081 2082 69047 2473 2818 2760 2847
728 2081 1019 69053 2473 2818 2760 2847
729 2082 915 69081 2483 2598
729 2082 2082 69226 2483 2598
730 2083 2084 82271 2540 2394 2428
730 2083 2085 94049 2540 2394 2428
730 2083 2086 186696 2540 2394 2428
731 2087 1429 69397 2808
731 2087 2088 125172 2808
732 1237 948 70228 2541 2470
732 1237 2089 135851 2541 2470
734 2091 2092 73012 2460
734 2091 2093 73022 2460
734 2091 2091 140442 2460
734 2091 2094 140446 2460
735 2095 2080 73176 2837 2542 2686 2703
735 2095 2096 119324 2837 2542 2686 2703
735 2095 2097 143914 2837 2542 2686 2703
736 928 2098 74813 2419
736 928 2099 97229 2419
736 928 928 97377 2419
737 2100 928 75383 2431 2587 2444
737 2100 2101 75436 2431 2587 2444
738 2102 2103 75514 2540
738 2102 928 75555 2540
738 2102 2104 128055 2540
739 2105 1429 77311 2552 2546
739 2105 928 77321 2552 2546
740 1926 2106 77424 2513 2588 2561
740 1926 928 77426 2513 2588 2561
741 2107 2107 81339 2470 2673 2589
741 2107 2108 91431 2470 2673 2589
741 2107 958 144816 2470 2673 2589
742 2109 1342 105508 2445
742 2109 2110 109469 2445
743 2111 928 81774 2429 2502 2573
743 2111 2112 81775 2429 2502 2573
744 1935 2113 82314 2405 2550
744 1935 928 82322 2405 2550
745 2114 2115 92165 2837 2848
745 2114 2116 96297 2837 2848
746 2117 1342 85301 2547
746 2117 2118 86746 2547
747 2119 1624 86938 2523 2844 2682 2812 2849
747 2119 1481 92208 2523 2844 2682 2812 2849
748 2120 956 87196 2850
748 2120 2120 87218 2850
749 2121 2121 87726 2505 2709
749 2121 2122 167306 2505 2709
750 2106 1342 87900 2412 2849 2851
750 2106 2106 88289 2412 2849 2851
751 2123 2124 88222 2849 2852
751 2123 2125 96486 2849 2852
751 2123 2126 110876 2849 2852
752 2127 2128 88841 2397 2595 2853
752 2127 2129 129296 2397 2595 2853
753 2130 1342 88278 2776 2849 2854 2852
753 2130 2131 91750 2776 2849 2854 2852
754 2132 2133 88443 2534 2412 2849
754 2132 2134 88995 2534 2412 2849
755 2135 2136 88440 2534 2849 2852
755 2135 1342 88441 2534 2849 2852
756 2137 2124 88642 2397 2849
756 2137 2138 89185 2397 2849
757 2139 2140 98998 2502 2469
757 2139 2141 158273 2502 2469
758 2142 2143 88953 2449
758 2142 2144 89065 2449
759 1562 1624 89021 2465 2776 2849 2855
759 1562 2145 89029 2465 2776 2849 2855
760 2146 2147 90264 2849 2442 2515 2856
760 2146 928 91661 2849 2442 2515 2856
760 2146 2148 149538 2849 2442 2515 2856
761 2149 911 89738 2402 2505 2587 2516 2665
761 2149 2149 89774 2402 2505 2587 2516 2665
762 928 928 115664 2540 2784
762 928 2150 188229 2540 2784
763 2149 948 90160 2748 2407 2596
763 2149 2151 118872 2748 2407 2596
764 2152 2153 90375 2424 2849 2818
764 2152 2154 91462 2424 2849 2818
765 2155 2156 91657 2397 2547
765 2155 2157 91662 2397 2547
765 2155 2158 91667 2397 2547
766 2159 2160 91889 2849 2577
766 2159 1204 93055 2849 2577
766 2159 947 110307 2849 2577
767 2161 1429 92506 2405 2857
767 2161 2162 92524 2405 2857
768 928 1204 93678 2689 2589 2464
768 928 928 102551 2689 2589 2464
769 2163 1301 93615 2393 2505 2516
769 2163 911 93616 2393 2505 2516
770 2164 2165 93868 2837 2502 2495 2756 2522
770 2164 2164 93972 2837 2502 2495 2756 2522
771 2166 1301 96938 2704
771 2166 2167 114173 2704
772 2168 948 95679 2394 2588
772 2168 2169 95699 2394 2588
773 2170 2171 95766 2849
773 2170 2106 95830 2849
774 2172 2173 95980 2837 2625 2708
774 2172 2174 114798 2837 2625 2708
775 1301 1342 96259 2502 2858
775 1301 1301 125133 2502 2858
776 2175 2176 96561 2797
776 2175 2177 170138 2797
777 2178 2179 115603 2826
777 2178 2180 129032 2826
778 2181 2182 99062 2743 2681
778 2181 2183 104200 2743 2681
779 2184 2184 100659 2424 2849 2538 2818 2859
779 2184 2185 114041 2424 2849 2538 2818 2859
780 2186 2187 100728 2467 2860
780 2186 2188 102250 2467 2860
781 2189 2190 101260 2416 2844 2682
781 2189 2191 106805 2416 2844 2682
782 2192 1271 106278 2849 2861 2423 2817
782 2192 2193 115563 2849 2861 2423 2817
784 2196 2197 104263 2508 2840
784 2196 948 104322 2508 2840
785 2198 2199 104587 2546 2862
785 2198 1342 104588 2546 2862
786 2200 2201 104844 2480 2506 2516 2854
786 2200 1983 104850 2480 2506 2516 2854
787 1342 1342 105504 2513 2544 2561 2811
787 1342 2202 204721 2513 2544 2561 2811
788 2203 1983 112461 2849 2397
788 2203 2203 113079 2849 2397
788 2203 2204 147932 2849 2397
789 2205 2171 106037 2405 2540 2849 2574 2838
789 2205 2206 106038 2405 2540 2849 2574 2838
789 2205 2205 106313 2405 2540 2849 2574 2838
790 2207 2208 107111 2451 2444 2863
790 2207 2209 107127 2451 2444 2863
791 2210 1391 107201 2835
791 2210 2211 107231 2835
792 2212 947 108927 2405 2505 2587 2604
792 2212 2213 108975 2405 2505 2587 2604
793 2214 2215 110497 2849 2652 2728
793 2214 2216 110772 2849 2652 2728
794 2217 1301 147891 2837 2620 2864
794 2217 2218 147915 2837 2620 2864
796 2221 2222 111313 2849 2825 2495 2522
796 2221 2223 115198 2849 2825 2495 2522
797 2224 2225 111529 2849 2639 2865
797 2224 2226 111536 2849 2639 2865
798 2227 928 111841 2748 2845 2856
798 2227 1292 111843 2748 2845 2856
799 2228 928 112054 2540 2709 2723 2694
799 2228 1292 112111 2540 2709 2723 2694
800 2203 2229 113402 2405 2540 2552 2400
800 2203 2230 130321 2405 2540 2552 2400
801 2231 2231 115038 2431 2689 2812
801 2231 2232 128260 2431 2689 2812
802 2233 2167 115790 2835 2537 2442 2866
802 2233 1292 119610 2835 2537 2442 2866
802 2233 2234 138480 2835 2537 2442 2866
803 2235 2236 116493 2412
803 2235 947 116572 2412
803 2235 2237 116675 2412
804 2238 2239 117593 2393 2709 2768 2812
804 2238 2240 117598 2393 2709 2768 2812
805 2241 2235 118743 2405
805 2241 2242 118754 2405
805 2241 2243 118786 2405
806 2244 2244 120441 2748 2540 2694 2663
806 2244 1292 120453 2748 2540 2694 2663
807 956 956 121070 2678 2867
807 956 2245 195916 2678 2867
808 2246 2247 123133 2424 2859
808 2246 2248 129811 2424 2859
809 2249 2250 123697 2411
809 2249 2251 123716 2411
809 2249 2252 123772 2411
810 2253 947 123829 2456 2502 2444
810 2253 2253 123844 2456 2502 2444
811 2254 2254 124604 2791 2769 2723
811 2254 2255 125422 2791 2769 2723
812 2256 2256 125155 2431 2427 2443 2689 2663
812 2256 2257 133246 2431 2427 2443 2689 2663
813 2258 2259 125143 2868 2787 2869
813 2258 2260 125679 2868 2787 2869
813 2258 2261 125805 2868 2787 2869
814 2262 2222 125311 2405 2496
814 2262 2167 125319 2405 2496
816 1776 1776 125721 2870
816 1776 2264 140841 2870
817 2265 1342 126344 2424 2397 2762 2869
817 2265 1342 126367 2424 2397 2762 2869
818 2266 1905 126118 2844 2600 2869 2637
818 2266 2267 137784 2844 2600 2869 2637
819 2268 1882 129075 2869
819 2268 1292 137699 2869
820 2269 2269 129177 2723 2544 2760 2869 2871
820 2269 2270 169608 2723 2544 2760 2869 2871
821 2271 2272 129946 2470 2523 2471 2872
821 2271 2273 135365 2470 2523 2471 2872
821 2271 2274 140625 2470 2523 2471 2872
822 2275 2276 130923 2797
822 2275 2277 153930 2797
823 2278 1034 131548 2435 2767
823 2278 928 131560 2435 2767
824 2279 1983 131853 2849 2416 2394 2682 2573
824 2279 1034 131858 2849 2416 2394 2682 2573
825 2280 2281 132014 2868 2869 2787
825 2280 2280 132079 2868 2869 2787
826 2282 2283 132375 2471 2697 2833 2615
826 2282 1034 132576 2471 2697 2833 2615
827 2284 2285 132709 2642 2644
827 2284 1034 132712 2642 2644
829 2287 2287 134614 2553 2874
829 2287 2288 143789 2553 2874
830 2289 2290 134935 2837
830 2289 2291 134936 2837
832 2294 928 137898 2723
832 2294 2295 187579 2723
833 2296 2297 137964 2405 2869 2793
833 2296 2298 172669 2405 2869 2793
834 2299 928 138313 2538 2869 2546
834 2299 1292 138314 2538 2869 2546
834 2299 2300 138315 2538 2869 2546
834 2299 2301 138373 2538 2869 2546
835 2302 947 139348 2428 2613 2789
835 2302 2303 139356 2428 2613 2789
836 2304 2089 139504 2394 2875
836 2304 947 139511 2394 2875
837 2305 2247 140246 2405 2845 2595 2869
837 2305 928 140248 2405 2845 2595 2869
838 2306 2307 141387 2876
838 2306 1882 141402 2876
839 2308 2309 141887 2393 2877
839 2308 2310 141895 2393 2877
839 2308 2311 141924 2393 2877
840 2312 2239 143373 2534 2547
840 2312 1034 143579 2534 2547
840 2312 2313 144430 2534 2547
840 2312 2314 144447 2534 2547
840 2312 1983 145358 2534 2547
841 2315 2315 143491 2491 2452 2878
841 2315 1292 143498 2491 2452 2878
842 1722 1722 143686 2845 2709 2861 2879
842 1722 2316 143691 2845 2709 2861 2879
843 2317 2318 145395 2835 2683
843 2317 2319 147897 2835 2683
844 2320 2321 145277 2405 2429 2880
844 2320 1034 145281 2405 2429 2880
845 2322 928 146300 2460 2707
845 2322 1429 146305 2460 2707
846 2323 1034 150212 2685 2422
846 2323 2324 151565 2685 2422
847 2325 928 152090 2405 2412 2591
847 2325 2326 152174 2405 2412 2591
848 2327 1034 154094 2402 2573
848 2327 2328 192178 2402 2573
849 2329 2330 155663 2869 2516
849 2329 1034 155665 2869 2516
850 1796 1034 160095 2540 2881 2882
850 1796 2331 175996 2540 2881 2882
850 1796 2332 193406 2540 2881 2882
851 2333 1342 165509 2446 2883
851 2333 2334 165510 2446 2883
852 2335 2336 165606 2394 2412 2546 2442
852 2335 928 165663 2394 2412 2546 2442
853 2337 2338 168092 2502
853 2337 2339 168107 2502
854 2340 2341 168281 2812 2682 2884
854 2340 2342 182952 2812 2682 2884
855 2343 2343 171203 2431 2812
855 2343 2344 184831 2431 2812
856 2345 2330 172293 2400 2862 2885
856 2345 2345 172298 2400 2862 2885
858 2348 2171 174464 2424
858 2348 2347 174466 2424
859 2349 1034 176097 2553 2593 2888
859 2349 928 176101 2553 2593 2888
860 2350 2351 176503 2607 2889
860 2350 2352 176528 2607 2889
860 2350 2353 176532 2607 2889
860 2350 2354 176549 2607 2889
861 2355 1034 176757 2470 2523 2890 2884
861 2355 2330 176758 2470 2523 2890 2884
862 2356 1429 181716 2424 2412 2543 2852
862 2356 2357 181763 2424 2412 2543 2852
863 1034 1292 181870 2579 2618
863 1034 2347 181875 2579 2618
864 2358 2358 186052 2891 2892 2893
864 2358 2359 187702 2891 2892 2893
864 2358 2360 199181 2891 2892 2893
864 2358 2361 205536 2891 2892 2893
865 2362 2330 186348 2889 2894
865 2362 2363 202022 2889 2894
866 2364 1034 187417 2845 2436
866 2364 2330 187433 2845 2436
867 2365 1034 189336 2405 2397 2895 2896
867 2365 2291 189435 2405 2397 2895 2896
868 2366 928 189460 2897 2818
868 2366 1034 189727 2897 2818
869 2367 1034 191669 2495 2898
869 2367 2368 197205 2495 2898
870 2369 2370 197233 2405 2413 2899
870 2369 2371 197304 2405 2413 2899
871 2372 2373 201493 2402 2552 2862
871 2372 1416 201494 2402 2552 2862
872 1722 2351 202492 2845 2780
872 1722 2330 202494 2845 2780
873 2374 2281 204725 2893
873 2374 2375 204730 2893
874 2376 2281 205434 2587
874 2376 2377 205494 2587
875 2378 2281 206629 2412
875 2378 2379 206667 2412
876 2380 2351 213168 2393 2900
876 2380 2377 213344 2393 2900
877 2381 2382 214817 2901
877 2381 2383 214838 2901
878 2384 2385 216086 2902
878 2384 2377 216092 2902
879 2386 2377 215550 2405 2805
879 2386 1027 216715 2405 2805
879 2386 2385 216719 2405 2805
880 2387 2388 217961 2483 2570
880 2387 2385 217962 2483 2570
880 2387 2389 217963 2483 2570
880 2387 2390 217970 2483 2570
880 2387 2391 218046 2483 2570
881 2392 1342 218275 2887
881 2392 1027 218276 2887
