10 13 264 98 29 117 5 166 46 258 22 259 8 1388 6 1469 38 1608 6 1700 7 1746 4 1773 117 1786 13 10713 6 1798 5 1822 17 1988 7 1987 6 2033 10 2215 4 2319 5 2444 30 2467 24 2541 4 2580 6 2656 8 2727 4 3408 12 4684 4 4957 9 5156 6 5567 30 5630 5 5774 9 6056 5 6855 4 6963 5 7084 21 7211 20 7446 8 7677 9 7998 9 9272 5 9472 14 9980 9 10101 8 12768 12 14945 4 15960 4 16317 22 17130 20 18646 33 27397 4 35665 4 44295 18
18423 29185 49
103265 181951 6 129384 7 182183 7
21 4 19 165 81
29 10 6
30 19 18 217 77
43 21 4 6545 8
37 22 88
49 33 7 327 15
31 46 41
17770 76983 5
45 48 8 55 4 432 12 1074 5 2201 39
50 51 4
9 49 4 8000 11 12816 11
36 61 13 1117 15
382 1470 4 1473 4
267 10293 4 7471 6 1243 6 1643 5 1728 6 48422 10 2029 5 2075 102 3663 8 2134 11 2503 15 2502 7 2604 26 2651 11 2725 5 5010 4 5676 5 6035 15 6044 13 6539 6 8245 5 3301 17 9979 9 11397 4 12348 7 12611 14 12612 6 12759 4 13853 6 14686 14 14767 94 14943 5 16527 5 24254 8 30555 5 35344 6 39232 5 39506 5 60589 11 48902 7
91 122 8
725 2157 4
1756 12257 9
3 1640 7 233 7 230 8 342 11 1772 8 2652 9 2788 8 2921 27 3242 8 16347 4
6484 11305 5
140 264 4 250 22 17383 4
482 6010 31 2281 17 2333 8 5804 5 2849 4 2908 6 2953 4 3325 41 3371 8 3720 29 3993 34 4056 16 4244 9 4293 5 4552 8 4584 4 4750 6 4845 6 4967 7 5049 5 5051 18 5050 5 5107 8 5726 4 6089 6 6215 39 6209 5 6461 8 7587 6 7727 5 8287 7 8465 32 3304 13 9831 12 10367 9 12821 4 13339 7 13863 12 14383 13 18845 11 21113 5 23016 22 25941 5 27421 5 29603 12 30147 6 33720 12 42517 11 63636 5 89738 5 93616 4
1937 6576 8
304 1272 4
156 2671 7 1403 9 1815 7 1858 18 3336 10 3523 40 3776 17 3887 11 4978 7 4556 19 5459 7 7728 4 8954 6 9277 5 10027 4 10104 4 10132 11 10951 7 11362 11 13009 6 13376 7 15703 12 17780 14 19291 6 20540 8 20860 6 22299 4 44597 7 48408 30 69081 7
63 198 6 196 4 1236 5 1295 4 3404 12
137 239 8 255 44 1085 4 1701 5 365 12 1234 4 1241 7 1347 4 1368 16 1433 11 1548 8 1716 6 1762 6 1824 7 1842 6 1966 20 2378 7 2017 13 2035 8 2056 11 2181 8 3689 4 2582 21 3280 8 3008 28 3417 4 3535 8 3794 4 3848 7 3885 5 4005 12 4188 36 4207 15 4238 4 5580 11 5052 43 5087 7 5157 4 5297 7 6065 5 6204 4 6610 4 6679 4 7259 15 7590 5 8002 7 21814 5
135 226 4 2021 7 2523 4 2848 8 5065 8
136 3435 9 3011 4 2934 5 2970 11 4111 8 4298 5
1420 4437 18 4625 22 13280 5 14381 5
2451 5641 105
3550 7496 57 7666 6 7153 20 7196 6 9722 7 17761 34 17762 9
7890 13256 9
39344 51175 4
16575 74705 6 28157 6 43150 9 28231 116 37583 5 41617 8 130478 8 45966 5 27892 57 44200 4 37651 4 28198 8 25786 5 28245 7 37924 23 69964 14 38277 15 27913 6 25192 8 25264 4 26506 11 26739 6 27130 20 27168 10 27238 14 27584 8 27819 4 28083 26 37738 18 28906 14 29745 17 30149 6 30225 6 30348 7 30371 9 35700 5 32905 4 33153 12 33279 5 33707 8 34166 7 34240 4 34526 12 34806 4 34972 37 35533 15 35671 8 35766 28 35848 63 36336 4 37879 16 38765 6 38815 4 39504 4 40066 7 42629 7 42475 29 42959 11 43390 39 43414 13 43448 18 43522 33 43879 4 51458 8 45074 11 47951 93 104830 5 51691 11 52837 6 53607 6 54035 7 54162 5 55670 34 58408 18 60930 5 62225 4 64364 20 97377 9 75383 4 75555 20 77321 14 77426 6 81774 11 82322 7 91661 11 115664 7 102551 6 111841 17 112054 9 131560 6 137898 17 138313 25 140248 7 146300 11 152090 10 165663 4 176101 9 189460 4
22 238 4
1417 3545 23 3796 5 14250 15 16699 8 18117 18
116 249 107 425 14
47 262 15
17637 286 14
1299 3272 6
1372 3871 10
6235 10988 11
57 344 22 1811 7
6365 11153 12
143 50738 26
80 404 14
56 412 12
12453 39887 10
464 1576 4
34 414 22
727 2176 5
1465 9528 17 3559 5 13064 8 9934 8 3556 6 3580 11 3625 4 3741 17 3744 4 4572 4 4624 10 4744 4 4741 20 4817 5 4973 6 5027 4 5291 5 5385 8 5629 6 6119 6 6202 16 6269 23 6326 4 6455 4 6504 8 6543 5 6559 9 6678 5 6856 55 6982 41 7201 7 7204 8 7601 4 7604 25 7965 4 7726 10 7733 22 7862 7 7917 4 8180 5 8224 5 8239 5 8356 6 8710 15 8761 27 8925 4 9136 5 9290 4 13894 5 9623 5 9878 4 10034 4 10791 13 11779 4 12209 5 13523 4 14109 13 14531 5 14930 4 14953 9 17153 127 17805 5 17874 20 18949 8 19441 4 32592 11 21297 13 21804 5 24984 4 110307 4 108927 6 116572 4 123829 4 139348 4 139511 8
981 20303 11 5888 40 6052 4 6234 14 6449 6 6926 39 8697 7 8926 9 9231 11 14491 4 9906 40 11401 46 12321 26 12767 8 13215 5 14220 10 15702 26 16251 30 17211 13 17225 26 17345 11 18452 11 18602 32 19275 11 19675 7 19714 21 19937 16 20663 78 20152 6 20714 11 21146 6 21150 12 21299 9 21567 19 21805 12 22386 10 23850 6 24925 4 26397 4 34455 12 38298 13 39650 10 45073 5 56621 67 70228 11 90160 5 95679 30 104322 4
192 2050 5
33 428 4
787 3845 5
2422 9242 12 6517 17 6049 4 6070 4 6486 4 7445 6 7493 5 7732 21 8313 20 8355 5
185 1160 4 9500 6
330 2410 15
503 3755 14
5132 9321 24 32816 15 60956 11 88056 4 144816 4
501 66790 4 87196 9 121070 8
222 990 8
531 3600 11 1973 17
86 2606 5 2217 14 2976 9 4950 4 7676 7 7857 4
2974 9256 5
34927 46341 11
15 1059 7 1602 10 1621 5 1729 9 1797 4 2014 15 2315 27 2440 5 3275 9 4115 6 4232 10 4663 4 4815 5 5569 13 26417 6
177 1108 4 1193 6
540 1739 8
65 1107 13 1965 15
197 1118 11
7585 12827 4
8292 13838 4
5197 9415 9
19 1158 12 5393 12 8008 18
2633 21427 15
335 21608 5 1459 17 14261 4
79 1279 8
81 1312 7
316 1294 6 1383 6 1725 5 1747 8
201 1324 12 1652 10
6181 10904 5
46332 57144 5
219 1397 10 1541 7 2010 5 2030 8 2212 14 2380 4 3980 5 4002 6 4004 18 4767 5 9293 10 18399 4
7394 12579 8
363 1346 5
365 1350 8
251 1362 4
158 1407 5
11044 17614 4
386 1427 4
2259 4905 5 5426 6
237 5391 10
412 1505 6 2940 18 1627 13
14080 21647 4 29257 12
927 2876 4
15713 37021 16 25533 4 25583 6 23879 12 25196 11 23941 6 24120 10 24529 10 25282 8 25485 23 26013 10 26108 7 37056 11 27492 14 27703 7 28895 17 34238 6 35911 10 54034 9
11209 37022 5 17872 4 19567 30 33325 12 34303 14 35415 5 35503 15 35667 9 36314 4 37835 6 37880 7
7554 13292 4 12858 9 12843 4 14596 10
170 1604 13 2334 6 6259 7 10096 4
693 2994 5 2340 5 54541 8
1279 3482 7 3365 14
344 3483 5 7742 6
157717 140486 9
315 1722 24
401 1770 8 1769 5
13112 22751 12
4229 31807 10 29649 9
11986 59060 5
475 28085 8 1765 21 4371 5 5769 11 7645 5 10184 4 12328 12 12964 6 12966 11 14650 6 14431 61 20465 21 20290 5 23656 5 25472 5 25482 7 26002 9 26158 5 34188 6 38133 23 38364 5 43867 7 51740 10 63174 7 65926 17 69053 11 72856 13
354 1754 7 1785 12
199 1764 16 1974 11 2441 8
2113 4958 7 12654 4
6617 14166 10
8522 14170 4 16194 14
8561 14232 5
2241 14743 50 216715 20 218276 14
7936 14785 15
7034 16348 5
10787 18918 11
4003 27748 10 43539 6 36401 5 24757 12 27233 27 27402 24 27747 7 27795 6 28377 5 29579 4 29744 9 29964 5 34970 6 36294 48 62651 4 41223 22 42133 4 43518 5 50498 5
20843 30745 6
1813 35783 5
131553 146403 5 131548 11 131858 4 132576 5 132712 6 143579 5 145281 18 150212 8 154094 9 155665 10 160095 6 176097 5 176757 8 187417 5 189336 9 189727 5 191669 5
440 60884 5 12671 4 8489 9 8713 4 8859 7 52702 10 12927 13 29153 6 14047 9 14106 6 15186 12 14532 19 15385 16 15704 4 15803 4 17604 13 17585 11 17817 8 19535 12 23942 9 24248 4 24759 5 28090 4 27777 11 27809 44 28081 10 28455 11 28814 7 28910 7 44038 12 53067 7 63654 5 67123 22
75 1943 6
176 1944 4
798 2421 6 2420 9
113 1910 6
428 1912 8
646 1955 27
270 1968 12
660 1989 5
602 1998 5
139 2115 7 2491 18
46018 56837 7
98 2008 12
1856 4314 5
2340 5046 10
126934 130407 7 130468 13 154328 16
594 2121 4 8719 5 3397 8 7100 29 8035 10 8463 4 8701 4
128812 124073 6
423 2076 12
1250 3834 4 3833 4 4114 6 4292 5 6036 11 6438 18 6470 13 6505 5 9413 5 14221 9 15051 36 21973 4 22885 16 28854 4 53605 4
3371 6820 8
9498 33831 6
708 2114 9
307 8271 4 13046 4 9468 15
468 2162 4
297 11535 22
789 2301 17
121 2433 26 2539 13 3586 10
3604 7268 7
4767 8793 38 10148 29
5077 9223 4
877 2458 14
820 2529 18
793 2495 6 4265 5 12854 4
922 2570 8
196 2576 4 2577 5
1460 3546 23
26 2632 11 9576 4
67 2746 24
2679 5780 4
1072 2886 6
371 2875 15 3000 36
20 2909 8
1455 3542 17
4843 8902 9
11416 18198 5
539 18863 4
792 2965 4 5342 5
1516 3628 7
994 2988 121
24318 34393 6
18442 28155 6
1144 3264 13
3902 15993 4
1204 3421 7 12022 10
63889 97214 24
1205 3239 4 3303 31
1163 3267 6 3372 15 3534 5
1306 3285 6
1518 3637 5
6362 11148 19
1309 11648 16 14591 4 17951 4 3309 14
6476 11896 9
67167 77124 13
921 3341 4
1405 3500 8
6052 11576 4 12609 26 23585 6 24844 6 24255 5 24438 18 24618 7 25179 8 34685 16 34688 6
2002 4555 6
836 12669 8
4892 32793 4
1448 3538 17
739 3539 15
18437 28144 8
19194 29306 4
54980 64564 5
54997 64583 5
166637 145369 4
912 3861 6
1564 3740 5
13576 109741 7
12711 19664 7 20458 4 23587 10
366 4822 5
1576 3884 9
3190 7454 19 11764 6
1683 4047 5
1751 4119 7
706 4147 5
1816 4225 9
2292 4964 12
965 4233 6
1274 4264 10 4547 17 4836 6 5086 10 5458 7 9554 26
1884 4360 4
6234 10982 5
15428 46495 4
15073 23017 4
2091 4683 4
2056 4677 6
2171 4768 12
16327 24799 4
2144 4874 5 6303 11
1978 4819 5
2236 4879 10
2721 5761 9
2165 4931 11 4960 5
2293 4976 4 4977 12
1863 4948 10
155 15827 4 10402 4 13564 11 17674 6
8244 14182 21 17440 4 21158 9
2274 4974 17 5963 4
2322 5002 12
2192 16731 5
2413 5162 17
3919 7669 8
2103 5104 5
1338 5234 11
43847 55653 6
34998 119072 26
165275 147842 4
2457 5267 8 6210 4 7913 4
2433 5270 61 5958 6 9373 4
1645 5274 9
2471 5278 4
2077 5302 6
2890 35241 5
1951 5343 5 5383 7 5392 9 5831 5 6045 9 6090 4 6336 10 6547 4 15355 8 7138 8 9424 9 10099 6 10126 5 10246 6 10383 9 10708 6 10947 17 14931 10 18470 17 18896 6 19001 16 19559 4 19678 5 19825 6 20068 12 20141 5 25195 8 26003 17 28102 4 28315 243 93055 5 93678 4
938 5575 11
1463 5860 5
56143 65459 15
2502 6077 4
11084 17560 4
5156 10064 4
12946 21200 7
334 6181 4
1926 6121 12
3001 6270 10 6373 5
790 7440 5
2973 6328 5 6374 20 6530 12
5212 9561 7
3116 6354 4 13212 5
6779 11704 13
2474 6437 6 13338 4
2829 6560 42
39717 69194 4
7176 12286 5
11471 18821 8 18105 6 18104 5
14330 31894 4
6817 11762 15 12414 9
6830 12307 19 13995 10 14554 14 13546 7 14921 18 33333 5
5571 9907 4
4713 10648 10
18670 28469 20
172227 148724 4
42146 53946 7
3458 6970 6
7973 13418 6
5501 13509 7
11257 19110 5 20654 10
3522 7106 4 7223 10 7492 6 7607 4 7919 8 9423 4 9473 6
9160 15048 4 22591 4 15950 5 16863 5 16851 4 17197 4 29613 5
3065 7139 7
3613 7292 6
2199 7486 4 25013 4
3646 7687 8 8458 5 8467 6 8698 5 9004 20 9086 7 9395 7 9787 25 9978 4 10046 4 12271 4 12539 22 12978 12 13006 10 13522 7 15130 10 15802 5 17791 10 18238 27 18246 5 18897 7 19002 11 23932 22 19829 14 20505 14 21173 4 21373 10 21646 7 23940 7 24538 17 24579 6 28097 6 43450 7 43896 6 60829 13 60924 14 64864 5 66194 4 66253 4 106278 4
30767 56045 4
3808 7899 7
11666 18426 5
4293 9177 5
2603 8225 4
23686 60254 8
4378 8305 10
10210 16380 4
9897 19439 67
23579 33356 6
3385 8453 5
96277 122757 26 120158 12 127947 36 114033 10 119632 43 110940 22 111843 7 112111 5 119610 7 120453 4 137699 4 138314 27 143498 5 181870 23
2713 8816 4
33031 137528 7
4123 8577 8 26736 4 27704 5
379 8578 10
5390 9684 6 10024 4
86591 141323 4 93615 4 96938 5 125133 8 147891 10
526 10213 4
6498 11320 4 11482 4
4888 8970 5
16606 38728 4 66829 26 42598 4
4901 8989 6
9955 16024 6
4974 9087 5
20813 30103 4
5024 9166 5
5050 9190 13
5693 10084 5
5768 10224 5
4934 9328 71 9481 22 9551 18
204978 166684 4
5013 9408 6 9625 8 15898 7
3009 9451 12 20140 8 26235 5 32218 5 34306 14 34760 4
23365 33098 5
4500 9501 5
13120 20228 10
4332 9552 18
4188 9843 5
6374 11169 8 11392 6
7240 12656 6
9865 15933 4
5343 9631 4
5439 9745 11
2897 9792 21
15134 23075 8
29785 41469 5
30680 42009 22
4925 9770 7
12357 21799 5 34000 6
44325 125076 4 155682 10 105508 6 85301 12 87900 15 88278 4 88441 6 96259 11 104588 7 105504 20 125398 9 126344 5 126367 6 152172 6 165509 8 218275 41
5470 9889 7
13117 28070 5
5457 9966 8
11190 34364 4 32077 22 29912 9 30205 54 35414 6 43893 11
5636 9990 4
3901 10146 7
14464 130281 8
234457 181926 8
5066 10183 4 10231 4 10834 4 10796 4
5626 10228 5
8981 14821 6
993 10376 15
5661 10449 6 12784 5 17772 8
5946 10477 4
9638 15649 7
26034 36745 16
5194 10936 6
8767 16237 7
23607 33971 5 33405 4
6464 11379 4
1155 11404 20
11612 18343 10
17710 26979 4
6638 12272 7
7197 12346 10 13336 25
8197 14577 9 14911 16 14960 8 18272 5 19149 6 19683 10 21461 5 27693 8
9052 15954 5 23625 5
17994 28139 33 74660 4 56839 28
25084 37954 5
5342 56383 5 18270 4 37312 4 39140 5 40063 5 50483 6 51702 24 54029 15 58204 5 58646 6 63751 4 107201 4
7349 12526 11
4880 12504 6
13993 21393 6
52235 62302 5
7521 12751 5
7422 12617 11
18445 28158 8
22422 31814 4
32416 43848 4
40246 52143 13
7652 12925 7
10050 16163 7
139482 130467 16
7851 13209 8
6204 13349 29 16027 18
7992 13409 5
3303 21496 4 19290 13 20488 7 20693 7 20760 4 21977 4 22224 10 22375 6 24532 6 32729 5 25219 6 25894 8 27833 4 27827 8 28601 24 29198 36 29441 18 30102 12 32289 27 40464 4 201494 7
68660 78530 4
294 13526 8
8853 14646 4
8301 13864 8
119408 126265 5
305 14265 16
8041 28738 10 28533 10 28803 7 29078 71 29965 6 34011 7
12442 44276 4 148288 8 45955 8 51045 25 49425 42 44595 20 45604 6 46988 14 49070 9 50608 14 51741 41 57915 6 62393 45 63173 5 58833 11 63761 8 64805 4 67129 16 67239 9 69397 5 77311 22 92506 8 146305 10 181716 28
3415 14264 9
3781 14419 6
13772 31910 5
27385 38448 7
124763 138981 6
8927 14728 8
8710 14700 13
2132 14704 24
22637 32085 9
2688 14979 11
14539 22228 10
3976 14914 13
17086 25986 9
23437 108436 6 110394 9
131216 157255 4
9070 14951 6
404 14982 4
5167 141340 4
7783 15129 7
9468 15393 6
10042 16160 5
10069 16182 8
7920 15758 8
10596 16927 8
8202 15749 4
10731 17120 5
12401 19318 4
14313 21912 6
23235 32919 5
10439 16740 6
10040 16852 5 16916 43
42973 54758 10
44506 56312 9 92208 5
184597 155895 8
10923 17372 4
24617 66812 9
68043 171497 5
1522 17202 11 21318 7 23626 11
10812 17212 8
15589 23714 8
10887 17329 15
13178 20324 9
14193 21713 5
17720 26993 5
80176 87717 4
3812 17592 5
11392 17746 6
11229 17767 4
9078 17807 4 18907 14
6969 18115 11
174 18128 12
11153 18137 21 18247 4
11489 18159 4
10686 18255 5
3151 24311 25
8004 18173 13
25635 36225 5
11595 18323 4
1789 18409 5
11720 18512 5
24534 34731 16
207284 167978 7
9438 18472 19
10381 18532 9
113090 112693 7
7169 32859 5
12026 19059 4
37107 19123 5
65059 75061 4
11474 19148 4 30365 5
20468 29705 4
12424 19505 4 19480 10
19011 28977 4
24767 35055 4
22736 32228 4
17835 27191 12
193101 160487 4
14446 22064 5
15798 23984 13
13391 26556 7 20793 29 20638 5 20794 16 21021 17 22720 18 23281 10 23000 4 24251 9 24250 16 24804 6 30748 6
1659 38690 4
7488 105881 14
223695 176590 4
10956 20074 4
39719 106755 7
64 19995 68
13665 20978 5
24519 34709 4
27425 38492 5
511 20391 6
18233 27810 5
23436 58529 31
20940 30278 9
3394 28036 8
13575 20838 6
9556 27792 5 26546 10 27348 10 28082 4 28858 10
16265 28164 13 26615 6 25845 7 28237 10 26457 4 26811 22 27488 11 27582 5 28454 17 28749 25 28802 7 28929 8 29195 12 52187 4
73528 82820 5
13452 20682 4
24915 35214 4
12915 20764 5
51021 61303 6
16486 25194 7
9521 21020 10
11938 21160 4
9535 21178 5
7379 21355 4
58715 67689 6
13956 21451 13 21477 17
12427 26699 4 41894 10 43477 6
13958 21544 5
27163 38152 7
13618 21568 5
14154 22677 7 23645 4
14215 21801 4
11343 21944 4 27750 8 57549 9 69011 5
14280 22149 21
16116 24434 6
12155 22283 4
58214 67279 4
7268 23233 14
18334 28010 11
14958 22927 9
40036 81017 4 86938 5 89021 11
14818 23211 4
15241 23212 17
15494 23358 14
10680 23608 50
71168 81075 7
15206 23654 13
13063 23584 10 46250 25 59406 4
842 23633 6
15415 23839 9
123653 125459 8
16022 24276 4
27285 38326 4
39596 51441 17
40344 52256 4 52263 5
16191 24544 4
23023 32602 4
16102 24413 13
23417 33168 7
7012 24442 10
241763 186473 6
23691 33514 5
15975 24565 6
15575 24707 5
6237 26004 5
15788 24927 7 29419 8
9165 25252 44
16698 25336 5
30467 41795 6
6815 25367 4
23128 32773 4
4295 25287 13
10208 63190 4
16187 25205 7
16389 25214 4
33280 103226 8
16666 25625 20
16078 25903 8 28886 8 28928 15
33734 45174 7
9369 26398 6
7981 26458 6
19073 29104 9
37404 48969 12
4100 26889 9
7813 26890 5
17674 26907 8
119593 117183 7
100594 131131 5
18296 27955 13
23247 32936 10
34705 46202 11
35341 46712 4
144136 133122 6
3063 27280 13
16488 27449 12 103167 4
25778 36768 5
16963 27699 4 29883 6
7425 48141 6 51066 35 62989 16 143686 9
17476 27820 11
1063 28115 5
18379 28465 4
61541 70021 14
17099 28261 8
131610 28223 8
16023 28224 5
19168 29546 4
24120 37687 32
17286 55292 11
46784 57603 8
17808 159860 7 38247 4
18570 28351 4
16773 28577 6
10950 28569 7
8048 28899 7
18962 28912 5
18985 28958 4
12421 28900 6
9779 29077 27
19068 29100 7
33242 44743 6
64331 73435 12
14562 29851 6
13501 60275 4
33816 45250 5
20313 29474 5
15068 31942 5
24590 34809 12
26392 52770 6
20400 29606 5
39351 52121 7
17235 52136 4 125721 8
20417 30106 9
4450 30158 25
29545 55417 7
168272 160931 8
15012 139993 16
20866 30341 4
42320 54120 4
128974 124181 5
19193 30585 5
28097 30552 8
21343 30733 11
1353 32212 10 32700 29
5908 49802 13
65937 75932 11
22950 32909 6
16681 33144 4
43090 54884 5
9677 33733 6 85438 15
12677 34466 5 35345 16 35761 8
23851 34062 8 34363 4
114824 147872 33
20716 34015 4
23463 34155 4 34758 10
24172 34189 4 40992 6
24179 34366 12
23562 34646 7 34715 5 35581 4 36331 6 40946 21 46215 41 52183 9
35563 46955 7
11251 46523 6 46321 73 54822 8
278634 203636 5
8661 34788 10 44180 9
7815 35094 7 39549 44
31026 42391 6
24933 35371 6
28310 39478 6
31559 42932 4
78642 86630 6
21310 35666 9
14103 36354 5
145687 142608 5
23379 35759 5 37971 19 52186 8
30866 42218 8
32684 44150 7
27328 65611 4
25209 36221 5
25403 36222 5
26125 36853 5
15453 36350 6
25343 37309 4
15091 37368 5
58266 67311 5
64549 74621 4
47030 58288 4
27047 37993 5
75037 83975 4
20651 126179 9
34719 46159 5
39209 51031 9
266622 197576 5
27413 38479 5
16096 38911 5
27214 38799 4
23293 39141 15 68614 9
31901 43350 7
30425 47434 10 47887 43
29638 40886 10
29818 41090 7
187959 157809 12
273966 201509 4
31206 42584 9
13482 43741 11
92056 134039 6 129075 16 132849 13 141402 6
127343 123067 8
23978 47117 16
229081 179704 5
248699 188796 4
50381 60733 5
30165 41488 11
46032 66730 7
59365 68246 5
30734 42082 4
30171 42583 6
95882 140476 4
79960 87808 6
32551 43994 13
13651 44006 97
9544 55800 66
97973 102424 6
119358 120073 5 126118 13
11028 42703 7
33013 44528 5
6299 80968 5
152235 137551 5
25096 42798 9
159757 141656 5
31596 42968 4
31612 43402 13
34012 45457 6
37548 49117 32
31722 43369 9 43464 8
43641 162027 4
179012 152366 4
32513 43974 18 45797 5
38208 49901 8
10913 44039 13
82877 89795 13
32923 44593 4
71490 81166 19
30074 44733 44
41714 53518 5
49041 59552 5
7288 45102 17
159621 189144 4
275724 202285 5
34732 46174 6
34694 46144 9
46536 57356 26
64158 87392 28
103911 106468 6
49188 59687 35
44446 108385 5
107718 108684 17
15309 52670 6
265386 196941 4
77812 103956 5
36039 47460 6
36050 47479 8
44025 55849 5
100287 104022 4
7371 182426 15
36408 47925 9
38577 50298 4
40164 52069 5
37264 49069 4
89546 95461 7
33346 48962 11
26313 48943 4
43784 55590 5
78031 86151 5
37876 50222 6
181887 154380 7
40793 52669 4
39896 51778 10
30530 51584 16 52351 9 53066 7 55671 12 65578 4 104850 9 112461 6 131853 7 145358 14
9993 55121 5
41028 52876 4
46559 57372 7
47546 58287 4
128445 194550 5
58461 67482 5
14758 54164 4
28692 54772 7
37823 54854 4
43016 56674 9
25160 65242 4
38018 55669 5
38645 55715 6
82426 162256 7
100477 104153 13
226206 177760 36
258950 193858 25
252540 199496 5
64465 149718 5
47208 57995 13
48358 58922 16
49534 60020 5
58505 67513 17
27231 79196 4
2073 58409 5
47968 60041 14
31626 59407 5 60895 32 64695 19
50481 60827 9
57829 66949 13
52652 110918 10
50793 61125 10
50927 61214 9
16437 61544 4 61819 5
60252 137503 7
51294 61651 4
61296 69822 4
57820 66937 5
51737 61959 9
44470 86042 7
51781 61992 7
119023 116773 6
3191 83586 6
74656 83687 8
27162 84656 6
22897 63898 12
54034 63958 6
145429 133801 6
55167 64714 11
54918 65558 17
56284 65580 10
56301 65587 18
56662 65929 7
122778 119669 21
57107 66298 4
32482 66252 14
17771 67162 15
58226 67287 7
44585 67238 6
59638 68450 6
59651 68466 5
59817 68618 10
53661 69010 5 73176 9
53576 69047 4 69226 6
72805 82271 55
88024 94049 78
12477 186696 5
130792 125172 4
101950 135851 9 139504 6
63596 72858 10
63813 73012 4
59438 73022 23
25737 140442 6
52379 140446 5
94802 119324 29
152342 143914 6
64756 74813 20
92094 97229 4
57926 75436 17
58149 75514 5
135484 128055 6
67339 77424 4 88289 4 95830 10
69253 81339 21
84686 91431 10
108846 109469 4
72228 81775 5
69037 82314 5
85650 92165 6
90698 96297 9
78894 86746 4
16832 87218 11
79764 87726 5
206006 167306 4
24450 88222 4 88642 5
90968 96486 8
110779 110876 6
81670 88841 6
2926 129296 4
16320 91750 9
81105 88443 11
81870 88995 47
65466 88440 16
82097 89185 8
61257 98998 5
188851 158273 4
81812 88953 6
81971 89065 10
81929 89029 5
83467 90264 9
173212 149538 4
41884 89774 4
247674 188229 7
121599 118872 4
83603 90375 5
63833 91462 26
62445 91657 5
32601 91662 14
84999 91667 6
81639 91889 41
79766 92524 4
15562 93868 6
86241 93972 12
27149 114173 5 115790 13 125319 5
89845 95699 4
86358 95766 5 106037 10 174464 11
89702 95980 4
53438 114798 7
91072 96561 10
133420 170138 4
116933 115603 5
1568 129032 13
48145 99062 27
21217 104200 8
95581 100659 33
115097 114041 13
95661 100728 11
97734 102250 5
52701 101260 7
104400 106805 25
117218 115563 4
205426 166934 10
93894 104263 6
101133 104587 4
57153 104844 9
26849 204721 5
95577 113079 5
8129 147932 4
103327 106038 6
103304 106313 4
71754 107111 17
86024 107127 9
18790 107231 7
108145 108975 5
94756 110497 6
110633 110772 5
61395 147915 4
110415 110942 5
108847 111313 20 125311 5
116671 115198 71
96966 111529 4
75084 111536 4
68125 113402 4
85511 130321 5
25234 115038 5
135825 128260 7
153954 138480 4
118637 116493 9
118172 116675 20
120021 117593 6 143373 66
58561 117598 4
100457 118743 41
121414 118754 6
121459 118786 17
106309 120441 12
22475 195916 4
126666 123133 9 140246 5
18675 129811 32
128227 123697 21
128294 123716 4
128380 123772 9
32742 123844 11
129270 124604 7
9139 125422 4
130726 125155 6
144389 133246 10
130764 125143 10
131593 125679 7
131804 125805 16
145076 133619 4
158334 140841 4
152677 137784 5
103805 129177 9
7227 169608 14
138566 129946 7
148271 135365 6
157995 140625 4
140151 130923 6
24154 153930 4
116800 132014 5 204725 9 205434 40 206629 5
96178 132079 4
142863 132375 5
111552 132709 7
140905 132763 5
146773 134614 7
163656 143789 5
38760 134935 5
121800 134936 4 189435 5
208008 168294 5
246221 187579 7
54327 137964 9
216232 172669 7
146330 138315 6
153762 138373 4
152843 139356 4
159317 141387 7
84986 141887 8
100296 141895 8
160224 141924 4
164848 144430 12
133123 144447 15
12055 143491 4
144524 143691 24
166716 145395 5
170720 147897 4
5669 145277 5
177540 151565 5
131028 152174 14
256464 192178 4
150986 155663 7 172293 4 176758 12 186348 15 187433 4 202494 7
222586 175996 18
257954 193406 4
202974 165510 13
202918 165606 7
144398 168092 4
137930 168107 5
207977 168281 37
40003 182952 65
116537 171203 5
240709 184831 10
215415 172298 8
209414 174607 6 174728 14 174466 4 181875 9
205764 176503 63 202492 4 213168 5
116235 176528 15
10091 176532 9
223632 176549 5
60279 181763 5
241306 186052 10
246456 187702 5
268875 199181 5
104946 205536 6
244844 202022 22
265909 197205 5
146132 197233 6
3141 197304 8
3573 201493 4
103614 204730 5
218526 205494 16 213344 16 216092 4 215550 35
285220 206667 12
259285 214817 34
54852 214838 51
247431 216086 4 216719 5 217962 14
308609 217961 6
307668 217963 60
282507 217970 8
288327 218046 4
