0 10
1 18423
2 103265
3 7
4 21
5 29
6 17
7 30
8 43
9 37
10 49
11 31
12 17770
13 45
14 50
15 51
16 9
17 36
18 61
19 382
20 267
21 80
22 91
23 725
24 1756
25 3
26 6484
27 102
28 140
29 482
30 1937
31 113
32 304
33 156
34 116
35 63
36 137
37 105
38 135
39 119
40 136
41 1420
42 2451
43 3550
44 7890
45 39344
46 16575
47 35
48 22
49 1417
50 47
51 17637
52 1299
53 1372
54 6235
55 144
56 57
57 6365
58 143
59 162
60 56
61 12453
62 464
63 34
64 727
65 1465
66 981
67 192
68 133
69 33
70 787
71 2422
72 185
73 330
74 501
75 503
76 5132
77 344
78 222
79 531
80 169
81 86
82 2974
83 34927
84 13
85 15
86 177
87 540
88 75
89 65
90 197
91 7585
92 8292
93 112
94 5197
95 19
96 2633
97 335
98 79
99 81
100 100
101 316
102 201
103 6181
104 46332
105 98
106 219
107 7394
108 360
109 363
110 365
111 366
112 251
113 158
114 11044
115 386
116 2259
117 237
118 412
119 14080
120 927
121 15713
122 11209
123 445
124 7554
125 480
126 170
127 693
128 1279
129 157717
130 511
131 315
132 401
133 514
134 13112
135 4229
136 11986
137 475
138 106
139 354
140 199
141 2113
142 6617
143 8522
144 8561
145 2241
146 7936
147 7034
148 10787
149 4003
150 20843
151 1813
152 131553
153 474
154 440
155 334
156 176
157 509
158 798
159 428
160 307
161 646
162 539
163 270
164 660
165 602
166 139
167 46018
168 14
169 1856
170 2340
171 594
172 126934
173 128812
174 423
175 1250
176 3371
177 9498
178 494
179 708
180 189
181 468
182 297
183 161
184 789
185 802
186 831
187 121
188 3604
189 4767
190 5077
191 433
192 850
193 877
194 820
195 294
196 793
197 38
198 299
199 922
200 196
201 934
202 1460
203 26
204 1023
205 67
206 2679
207 633
208 992
209 1072
210 1086
211 371
212 495
213 20
214 1455
215 4843
216 11416
217 1068
218 792
219 1144
220 1516
221 1145
222 994
223 892
224 24318
225 18442
226 3902
227 874
228 1204
229 63889
230 1205
231 1163
232 1306
233 1309
234 1518
235 6362
236 6476
237 67167
238 921
239 513
240 1405
241 6052
242 1432
243 2002
244 836
245 4892
246 1207
247 985
248 1448
249 739
250 18437
251 19194
252 54980
253 54997
254 166637
255 912
256 1564
257 13576
258 12711
259 1513
260 1510
261 1576
262 1063
263 3190
264 1719
265 1683
266 1120
267 706
268 1751
269 1816
270 2292
271 965
272 1274
273 1597
274 1770
275 1884
276 1619
277 6234
278 15428
279 15073
280 2044
281 2091
282 2088
283 2056
284 1891
285 2171
286 16327
287 2144
288 2195
289 1978
290 797
291 2192
292 2236
293 2721
294 2271
295 2165
296 2293
297 1863
298 155
299 8244
300 2274
301 2322
302 1926
303 2413
304 2338
305 3919
306 2360
307 2365
308 2103
309 1829
310 1338
311 43847
312 34998
313 165275
314 2457
315 2433
316 2499
317 1645
318 2471
319 198
320 2077
321 2890
322 1951
323 1270
324 938
325 2705
326 1526
327 1064
328 1463
329 2522
330 56143
331 2502
332 11084
333 2947
334 5156
335 571
336 12946
337 1967
338 2804
339 3071
340 3001
341 790
342 2973
343 5212
344 1229
345 3116
346 3075
347 6779
348 280
349 2474
350 3049
351 3078
352 1671
353 3219
354 1167
355 2829
356 39717
357 7176
358 3295
359 11471
360 14330
361 2242
362 6817
363 6830
364 2934
365 5571
366 4713
367 18670
368 172227
369 2275
370 42146
371 3458
372 1084
373 7973
374 5501
375 4895
376 11257
377 3522
378 3183
379 9160
380 2999
381 3065
382 3582
383 3613
384 2199
385 3869
386 3874
387 3926
388 3050
389 3646
390 3803
391 30767
392 3808
393 1357
394 11666
395 3446
396 4293
397 3099
398 2603
399 1295
400 4369
401 23686
402 4378
403 10210
404 4414
405 4332
406 9897
407 23579
408 4174
409 3385
410 96277
411 4496
412 2713
413 33031
414 4403
415 4123
416 379
417 5390
418 4158
419 86591
420 2378
421 526
422 6498
423 4704
424 4540
425 4888
426 16606
427 4901
428 9955
429 3267
430 4974
431 4188
432 20813
433 5024
434 5050
435 5693
436 5768
437 5110
438 4934
439 204978
440 5164
441 5013
442 5224
443 3009
444 23365
445 5234
446 4500
447 13120
448 6374
449 7240
450 9865
451 5343
452 5439
453 2897
454 15134
455 29785
456 30680
457 3868
458 4925
459 12357
460 44325
461 5511
462 5470
463 5208
464 13117
465 5387
466 5457
467 11190
468 1198
469 5636
470 5660
471 5696
472 5697
473 3901
474 14464
475 234457
476 675
477 5066
478 5626
479 5699
480 8981
481 5846
482 3875
483 993
484 5661
485 4034
486 5946
487 9638
488 1430
489 26034
490 5194
491 5898
492 8767
493 23607
494 6464
495 1155
496 5892
497 7124
498 11612
499 17710
500 2506
501 6638
502 4616
503 6955
504 7197
505 8197
506 9052
507 17994
508 25084
509 5342
510 7325
511 7349
512 7338
513 4880
514 13993
515 52235
516 3415
517 7521
518 7423
519 7422
520 7440
521 18445
522 22422
523 32416
524 40246
525 7617
526 7652
527 7115
528 10050
529 139482
530 7851
531 6204
532 6098
533 7992
534 3303
535 729
536 68660
537 3251
538 8853
539 7776
540 8301
541 4816
542 119408
543 8483
544 235
545 305
546 8041
547 12442
548 8564
549 7148
550 3781
551 5564
552 13772
553 27385
554 5092
555 124763
556 5632
557 8927
558 8710
559 2132
560 22637
561 2688
562 14539
563 6118
564 3976
565 17086
566 23437
567 131216
568 7753
569 5128
570 9070
571 7783
572 404
573 9162
574 5167
575 9240
576 9457
577 9468
578 9573
579 10042
580 10069
581 7920
582 10596
583 1097
584 8202
585 9745
586 9753
587 10731
588 12401
589 1353
590 14313
591 9878
592 23235
593 8232
594 10192
595 10439
596 10040
597 10585
598 42973
599 44506
600 184597
601 4168
602 10923
603 24617
604 68043
605 1522
606 493
607 10812
608 2509
609 15589
610 10887
611 13178
612 14193
613 17720
614 80176
615 3812
616 5726
617 11392
618 11229
619 11219
620 9078
621 10224
622 10782
623 6969
624 174
625 11153
626 11489
627 10686
628 3151
629 8004
630 25635
631 11545
632 11595
633 7264
634 1789
635 11720
636 6398
637 24534
638 207284
639 11642
640 9438
641 10381
642 113090
643 11823
644 7169
645 11331
646 12026
647 3258
648 8943
649 37107
650 65059
651 12256
652 11474
653 12363
654 8842
655 20468
656 12416
657 12424
658 19011
659 24767
660 22736
661 12620
662 17835
663 193101
664 12438
665 14446
666 15798
667 13391
668 12716
669 1659
670 11598
671 9511
672 7488
673 223695
674 12502
675 10956
676 39719
677 64
678 7489
679 13665
680 9693
681 24519
682 13150
683 27425
684 18233
685 23436
686 6276
687 20940
688 13309
689 10645
690 3394
691 13382
692 686
693 13575
694 9556
695 16265
696 73528
697 12600
698 13452
699 13483
700 24915
701 10988
702 12915
703 13594
704 51021
705 16486
706 13698
707 9521
708 7889
709 4666
710 13801
711 11938
712 8455
713 9535
714 2220
715 7379
716 8452
717 58715
718 7815
719 13956
720 14079
721 12427
722 13958
723 27163
724 14109
725 13618
726 14154
727 14215
728 11343
729 14368
730 14314
731 14280
732 11967
733 16116
734 12155
735 9225
736 58214
737 6822
738 7268
739 18334
740 14958
741 15112
742 40036
743 12953
744 14818
745 15241
746 15300
747 15494
748 10680
749 71168
750 15206
751 14738
752 13063
753 15448
754 842
755 14049
756 15415
757 15766
758 123653
759 13432
760 5133
761 16022
762 16017
763 27285
764 39596
765 40344
766 16055
767 16191
768 23023
769 15718
770 16102
771 23417
772 10561
773 7012
774 241763
775 3477
776 23691
777 16187
778 5476
779 15975
780 1260
781 16005
782 15575
783 6237
784 16212
785 8374
786 16395
787 15788
788 9165
789 16698
790 30467
791 5926
792 6815
793 23128
794 16571
795 4295
796 10208
797 14320
798 16389
799 9368
800 14708
801 33280
802 2960
803 16666
804 12778
805 16078
806 3567
807 33734
808 258
809 17159
810 85
811 9369
812 16485
813 7981
814 17446
815 19073
816 4345
817 13267
818 37404
819 17674
820 4100
821 7813
822 119593
823 100594
824 18296
825 23247
826 4210
827 34705
828 35341
829 17812
830 144136
831 3063
832 17930
833 16488
834 5551
835 25778
836 18096
837 14664
838 16963
839 18204
840 7425
841 18235
842 17476
843 18379
844 622
845 61541
846 17099
847 16621
848 131610
849 16023
850 13351
851 19168
852 24120
853 17286
854 46784
855 17808
856 18198
857 18570
858 8865
859 1261
860 16773
861 10950
862 10318
863 8048
864 14650
865 18962
866 18985
867 18690
868 12421
869 14799
870 19032
871 9779
872 19068
873 33242
874 16471
875 18071
876 64331
877 14562
878 19228
879 13501
880 10370
881 33816
882 20301
883 20313
884 15068
885 70
886 24590
887 26392
888 20369
889 20400
890 18752
891 14275
892 20690
893 39351
894 17235
895 15877
896 20810
897 20417
898 4450
899 29545
900 168272
901 20892
902 15012
903 7754
904 20866
905 42320
906 128974
907 21009
908 19193
909 47240
910 28097
911 21343
912 22622
913 5908
914 15581
915 65937
916 22950
917 15568
918 16681
919 23515
920 43090
921 23557
922 9677
923 12677
924 23851
925 114824
926 14568
927 20716
928 23463
929 24172
930 24195
931 23655
932 24294
933 24179
934 23562
935 35563
936 11251
937 278634
938 12723
939 24552
940 24569
941 8661
942 31026
943 24979
944 24933
945 28310
946 22983
947 21072
948 25137
949 31559
950 78642
951 22441
952 21310
953 25189
954 25150
955 14103
956 145687
957 23379
958 30866
959 25301
960 32684
961 27328
962 25632
963 25209
964 25403
965 25674
966 26125
967 435
968 15453
969 25705
970 25343
971 15091
972 58266
973 64549
974 47030
975 15548
976 27047
977 75037
978 20651
979 34719
980 39209
981 266622
982 27325
983 27413
984 16096
985 5566
986 27214
987 23293
988 1480
989 31901
990 30425
991 27842
992 29638
993 29818
994 28838
995 187959
996 273966
997 31206
998 13482
999 15074
1000 92056
1001 23353
1002 127343
1003 23978
1004 229081
1005 248699
1006 28550
1007 50381
1008 25378
1009 30165
1010 46032
1011 59365
1012 30631
1013 30734
1014 30171
1015 95882
1016 30780
1017 79960
1018 22897
1019 32551
1020 13651
1021 9544
1022 97973
1023 119358
1024 11028
1025 33013
1026 6299
1027 152235
1028 25096
1029 159757
1030 31555
1031 31596
1032 31612
1033 34012
1034 37548
1035 5235
1036 31722
1037 25278
1038 43641
1039 24027
1040 31989
1041 5785
1042 179012
1043 32459
1044 16170
1045 32513
1046 38208
1047 600
1048 10913
1049 82877
1050 29900
1051 32923
1052 71490
1053 30106
1054 30074
1055 41714
1056 49041
1057 33626
1058 10373
1059 7288
1060 159621
1061 34159
1062 275724
1063 34732
1064 34694
1065 46536
1066 64158
1067 103911
1068 33553
1069 49188
1070 44446
1071 107718
1072 15309
1073 265386
1074 34212
1075 77812
1076 36039
1077 36050
1078 15403
1079 44025
1080 36484
1081 100287
1082 7371
1083 33824
1084 36408
1085 38577
1086 40164
1087 37264
1088 89546
1089 33346
1090 26586
1091 26313
1092 43784
1093 37485
1094 78031
1095 38497
1096 37876
1097 181887
1098 40793
1099 39896
1100 39386
1101 30530
1102 7341
1103 9993
1104 19066
1105 40422
1106 41028
1107 40689
1108 46559
1109 47546
1110 40983
1111 128445
1112 19271
1113 17483
1114 42227
1115 58461
1116 32543
1117 14758
1118 42988
1119 28692
1120 37823
1121 43016
1122 25160
1123 41979
1124 38018
1125 38645
1126 44817
1127 82426
1128 44838
1129 100477
1130 226206
1131 258950
1132 252540
1133 64465
1134 41995
1135 47208
1136 48358
1137 49534
1138 58505
1139 27231
1140 2073
1141 47968
1142 48087
1143 31626
1144 19207
1145 50481
1146 50414
1147 57829
1148 52652
1149 50793
1150 50927
1151 51280
1152 16437
1153 60252
1154 51294
1155 61296
1156 13613
1157 57820
1158 28046
1159 51737
1160 44470
1161 43033
1162 51781
1163 119023
1164 52084
1165 3191
1166 52340
1167 74656
1168 27162
1169 53273
1170 53875
1171 54034
1172 52165
1173 145429
1174 55139
1175 55167
1176 55268
1177 56268
1178 54918
1179 56284
1180 56301
1181 9864
1182 56662
1183 122778
1184 55397
1185 57107
1186 47542
1187 32482
1188 17771
1189 58226
1190 26876
1191 44585
1192 11172
1193 59638
1194 59651
1195 639
1196 59817
1197 34933
1198 53661
1199 57141
1200 53576
1201 3390
1202 72805
1203 88024
1204 12477
1205 60714
1206 130792
1207 101950
1208 63596
1209 25737
1210 63813
1211 59438
1212 52379
1213 51657
1214 94802
1215 152342
1216 64756
1217 92094
1218 33654
1219 57926
1220 65504
1221 58149
1222 135484
1223 9754
1224 67339
1225 69253
1226 84686
1227 6813
1228 108846
1229 51566
1230 72228
1231 69037
1232 59988
1233 85650
1234 90698
1235 65632
1236 78894
1237 71029
1238 16832
1239 79764
1240 206006
1241 1836
1242 24450
1243 90968
1244 110779
1245 28455
1246 81670
1247 2926
1248 80912
1249 16320
1250 4870
1251 81105
1252 81870
1253 56102
1254 65466
1255 60186
1256 82097
1257 79557
1258 61257
1259 188851
1260 28716
1261 81812
1262 81971
1263 81929
1264 82643
1265 83467
1266 173212
1267 41884
1268 247674
1269 121599
1270 71977
1271 83603
1272 63833
1273 84981
1274 62445
1275 32601
1276 84999
1277 89861
1278 81639
1279 37436
1280 79766
1281 87333
1282 86241
1283 15562
1284 11941
1285 27149
1286 89814
1287 89845
1288 84874
1289 86358
1290 90248
1291 89702
1292 53438
1293 91044
1294 91072
1295 133420
1296 91819
1297 116933
1298 1568
1299 92988
1300 48145
1301 21217
1302 95581
1303 115097
1304 95658
1305 95661
1306 97734
1307 23997
1308 52701
1309 104400
1310 96758
1311 117218
1312 26141
1313 205426
1314 15354
1315 93894
1316 101137
1317 101133
1318 91980
1319 57153
1320 26849
1321 95577
1322 8129
1323 103304
1324 103327
1325 104843
1326 71754
1327 86024
1328 104986
1329 18790
1330 77524
1331 108145
1332 102415
1333 94756
1334 110633
1335 27870
1336 61395
1337 14843
1338 110415
1339 72144
1340 108847
1341 116671
1342 103798
1343 96966
1344 75084
1345 65397
1346 76196
1347 68125
1348 85511
1349 25234
1350 135825
1351 92384
1352 153954
1353 100457
1354 118637
1355 118172
1356 120167
1357 120021
1358 58561
1359 91334
1360 121414
1361 121459
1362 106309
1363 22475
1364 127433
1365 126666
1366 18675
1367 128265
1368 128227
1369 128294
1370 128380
1371 32742
1372 129270
1373 9139
1374 130726
1375 144389
1376 119255
1377 130764
1378 131593
1379 131804
1380 127850
1381 145076
1382 158334
1383 132132
1384 26572
1385 152677
1386 86347
1387 103805
1388 7227
1389 11907
1390 138566
1391 148271
1392 157995
1393 140316
1394 140151
1395 24154
1396 14890
1397 33681
1398 96178
1399 116800
1400 20518
1401 142863
1402 131868
1403 111552
1404 140905
1405 146773
1406 163656
1407 76924
1408 38760
1409 121800
1410 75478
1411 208008
1412 152874
1413 246221
1414 152996
1415 54327
1416 216232
1417 81626
1418 146330
1419 153762
1420 155542
1421 152843
1422 155826
1423 157240
1424 159314
1425 159317
1426 129501
1427 84986
1428 100296
1429 160224
1430 80731
1431 164848
1432 133123
1433 12055
1434 144524
1435 165835
1436 166716
1437 170720
1438 30602
1439 5669
1440 114115
1441 90702
1442 177540
1443 107603
1444 131028
1445 181376
1446 256464
1447 184151
1448 150986
1449 222586
1450 257954
1451 202794
1452 202974
1453 203131
1454 202918
1455 181742
1456 144398
1457 137930
1458 60123
1459 207977
1460 40003
1461 116537
1462 240709
1463 215415
1464 216610
1465 209414
1466 219782
1467 110425
1468 3281
1469 205764
1470 116235
1471 10091
1472 223632
1473 70950
1474 234065
1475 60279
1476 241306
1477 246456
1478 268875
1479 104946
1480 243737
1481 244844
1482 231229
1483 249780
1484 250036
1485 20491
1486 265909
1487 265956
1488 146132
1489 3141
1490 270310
1491 3573
1492 173300
1493 103614
1494 282194
1495 218526
1496 149294
1497 285220
1498 297548
1499 300993
1500 259285
1501 54852
1502 303563
1503 247431
1504 96259
1505 58896
1506 308609
1507 307668
1508 282507
1509 288327
1510 242582
