18 4 44 446 5 1051 14 1145 4
26 24 8 1488 5
25 26 23
174 261 12 259 14 258 6 257 16 265 18 8458 4
832 1108 5
34 9 12 315 15 311 7 414 4 479 4 483 10 777 8 813 4 852 21 1039 14 1143 6 1186 5 1363 12 1432 6 1498 4 1593 23 1633 11 1638 37 1639 29 1658 6 1874 4 3700 12 3711 4 3772 10 3833 8 4284 11 4348 5 4377 7 4707 31 4786 4 4939 10 4966 7 5280 24 5545 8 5800 5 5905 4 6144 6 6299 16 6346 4 6396 9 6389 6 6425 7 7532 4 7649 10 7676 8 8377 16 8394 6 8552 4 8607 7 8704 5 8722 7 9977 5 15239 8 21934 4 22011 10 22034 9 22275 17 22468 4 27629 9 34786 5 41101 12 36538 17 37152 22 39698 6 39972 4 41856 8 44605 4 46110 5 47437 5 47435 11 60792 4 71701 5 87125 6 89677 9
30 10 6
31 13 5
60 25 22 55 16 57 9 58 81 272 6 471 17 2380 8
106 73 61 80826 13
7 17 15
186 404 8
4939 4676 15 6699 6
22 23 18
14 28 15 35 22 113 7 314 29
61 34 135 219 4 50 9 60 15 54 5 65 25 147 156 203 27 276 8 348 10 420 11 441 9 466 9 470 12 552 11 582 16 613 9 615 10 761 7 974 15 1127 8 1291 4 1435 9 1560 18 1812 27 2055 4 2130 5 2904 8 17298 13 22395 4 36080 4 39821 22 42568 76 45300 4 47270 6 48117 6 48489 11 49875 4 50044 7 58363 5 68658 5 73637 4 74539 10 77944 16 114670 6 115469 4 132679 5 132868 7 145205 5 148672 7 173339 8 177013 7 184152 12 191149 5 202421 6 211442 6 219530 4 225284 6 231633 8 232131 7
877 2227 116 1185 19 1906 8 4780 5 1434 5 2808 4 1369 11 1690 7 1265 84 1307 5 1304 358 1418 7 1384 13 1502 6 1597 5 1788 8 1941 9 2485 63 2635 4 2637 15 2764 8 2785 5 2832 10 2876 5 2913 57 2948 49 3151 4 3157 13 3222 33 3224 7 3260 4 3348 6 3376 14 3471 4 3483 5 3571 4 3709 11 3767 13 3976 36 4127 5 4139 5 4133 5 4131 13 4253 7 4501 5 4589 12 4659 52 4800 4 4970 14 4988 5 5151 4 5164 4 5423 4 5670 125 5782 6 5870 4 5968 30 6036 7 6061 5 6753 35 6233 6 6334 6 6542 8 6610 32 6715 9 6873 6 6966 71 7041 10 7161 64 7930 9 8026 5 8122 5 8892 58 8979 15 9309 547 9537 4 9668 16 9691 7 9770 13 9881 17 9965 10 10231 4 10549 10 10663 24 10897 26 10967 7 11052 32 11055 5 11917 4 12265 6 12570 26 12612 57 13036 11 13119 19 41483 30 13887 5 14159 11 14287 9 14419 5 14581 8 14850 5 14876 6 15365 7 15375 7 15542 67 15601 18 15907 24 16441 11 16728 5 16822 26 16911 37 16973 12 17098 23 17369 17 17434 68 17532 6 17992 9 18438 8 18553 19 19139 50 19181 25 19676 6 20851 5 21090 8 21095 6 21581 5 22699 6 23760 5 24541 37 27172 7 27341 259 42936 6 28408 4 29638 6 29942 9 29974 7 30607 5 31716 7 31791 7 31824 5 33341 8 34537 11 34774 4 35104 16 35826 62 35854 4 36347 8 37285 7 38805 5 41562 8 43817 19 45667 18 46013 10 46155 5 48085 6 48189 17 50728 4 52499 5 53395 16 54624 67 56497 28 58292 7 58375 4 60867 4 61637 4 62035 5 63841 5 69664 5 71854 14 71984 6 72766 13 75150 24 75453 6 76451 4 76132 5 108070 8 80704 7 83385 86 86649 12 86807 5 87698 7 91390 24 94554 16 96920 9 97476 6 97810 7 98558 6 103626 17 107779 4 109237 11 110802 7 124733 14 135146 6 151815 6 160223 10 167033 4 199231 4
1876 2853 16 3241 4 4103 20 2860 8 3997 7 18124 15 18335 4 21351 7 27427 7 91354 12 31589 4 137128 5 91393 11 95522 4 96252 4 97477 10 106125 4 109142 4 114878 4 129881 4 159080 4 159494 4 172356 5 173891 5 178268 4 195341 6 212719 6 223398 17 229073 5 240758 7
2326 3664 5
63 27 4 212 11 210 7 640 16 948 16 463 4 462 5 546 7 574 27 614 4 672 6 713 14 737 17 759 18 810 21 819 5 848 6 1020 8 1036 4 1122 12 1204 16 1332 23 1579 7 1710 5 1793 13 1849 11 1922 23 2000 5 2011 12 2128 4 2389 20 2480 20 2773 8 2983 10 3679 5 7138 4 7630 4 7954 4 9056 6 45260 4
46 121 17
386 687 25 805 9
77 37 17 457 4
79 44 57
130 142 22 116 7 139 29 266 89 271 9 341 25 377 23 460 5 458 7 469 12 513 38 1911 7
107 391 10 75 17
970 1387 11
44 6422 6
34007 128086 5 62131 5 66670 6 67853 4 68151 4 68265 4 71405 4 74467 11 74634 65 75557 12 86653 8 90495 48 102377 5 106543 32 108130 5 111911 4 126611 8 132035 15 140636 5 142520 5 142523 4 142720 4 142841 10 188728 14 192239 10 206428 4 239650 4
351 553 26
102 605 7 604 4 603 17
50 39 6 61 11 363 10 1029 18 1055 9 1250 11 3677 4 3705 5 4663 7 16217 11 19673 4 21444 6 21484 4
139 133 4 170 4 145 14 158 7
151 206 7 160 38
3417 5771 6 5804 5 6221 6
33203 57347 9
157 179 16 499 6 1053 9 176486 7 174255 9 164449 4 157934 7 173338 27 187573 7 209557 9 220269 8 246377 5
92 70 8 69 67 294 5 292 6 360 56
244 492 50 533 7 1585 10 1873 6 2699 7 4287 41 20633 5 27452 11
708 7937 14 4422 4 6651 14 6733 5 15901 7 7362 7 7744 190 8500 34 8628 5 14998 4 9304 6 10162 5 10661 30 10764 19 11434 8 11529 15 12782 11 12973 6 12868 7 12915 18 13247 6 13524 9 13700 54 14050 18 14854 12 15022 29 15111 9 16445 4 17036 7 17927 16 18464 11 18616 54 18738 20 18878 8 19263 6 20492 13 20459 5 20621 20 21726 7 23063 7 24995 9 27451 10 27470 22 29058 5 29065 4 30097 8 30412 6 30627 17 33597 5 34733 6 34960 9 35016 5 35580 8 35904 8 37049 7 37254 5 36996 4 37628 13 38995 6 41220 9 41522 6 43455 7 45096 9 45850 5 45879 14 47238 10 48469 13 49147 10 49949 17 50798 8 56948 4 60181 32 60594 12 61225 15 62220 8 62663 14 65265 13 73862 21 76080 20 78332 15 81658 8 82306 4 89675 5 122672 6 125920 10 126196 6 126972 8 128558 7 139101 5 140610 17 142049 8 145674 4 168126 4 172904 4
22411 41912 28
43 72 4 68 8
112 74 10
136 138 25 159 4 663 5 936 30 1203 4 1299 6 1641 5 1758 5 2364 6 2732 4 2981 10 3046 4 3146 4 6990 5 13915 4
78 333 6 10037 4
11 67 6 192 5 509 10 662 17
82 115 8 114 8 268 6 406 5 410 10 514 7 596 31 869 19 1105 13 1254 4 1284 4 2381 43 3447 35 6916 13 8622 27 34142 9 46457 13
116 87 17 230 4 823 5 3152 4 6794 8
29 284 4 1124 9 1123 12 1574 5
120 109 13 112 13 1754 5 9442 33
109 343 16 92 6
1603 2404 4
154 163 5 164 4 165 4 155 8 392 4 393 4 2121 6 293 5 557 21 472 5 664 6 654 9 671 6 702 7 8476 8 1022 9 1149 11 1180 4 1205 7 1303 26 1429 6 1525 9 1573 10 1704 4 1752 10 1738 5 1760 9 1782 12 2363 7 2472 18 2596 7 2658 5 2686 42 2722 7 2924 141 2987 5 15378 5 3518 11 3661 5 5573 4 4150 4 4490 4 4596 4 4608 14 5063 6 5388 6 5442 9 5463 11 5643 8 6380 25 7971 5 8199 6 9157 16 10416 4 13360 5 13477 23 14412 17 14513 14 19063 8 17451 4 20334 4 35264 15 21573 6 23725 4 24343 4 27187 7 27391 6 33366 4 40261 16 43020 6 43356 15 49775 6 125181 9 125548 4 126669 4
172 247 5
953 3714 4 3503 9 3651 5 1328 6 1458 6 1696 7 2479 12 3656 9 17617 11 20415 6
3459 5998 4 5850 9 5997 4 6541 6
125 103 6 101 4
97 244 12 141 4 140 46 137 11 455 7 242 22 241 59 347 8 345 7 328 13 344 29 340 17 432 15 436 9 437 29
119 97 7 154 4 43491 4
51 105 10 173 16 240 11 966 4 350 4 416 4 443 10 589 45 652 11 738 13 1047 10 1045 9 1325 5 1399 6 1445 4 1459 14 4042 5 4831 4 6273 5 6791 9 6935 4
68 374 17
321 559 5 638 5 11663 4 18412 4 18703 5 19567 11 20348 23 20358 7 20585 4 21153 73 27126 5 31806 14 35795 6 38712 4
2092 12392 6 6646 16 8652 4 9773 40 10283 152 12194 18 12013 4 12312 5 12620 17 13115 14 14548 7 14609 50 14837 10 15233 21 15392 41 15508 5 15585 15 15861 8 16488 7 16555 7 16815 4 16853 8 16886 49 19286 10 31372 5 35319 8 44519 11 48417 24 89722 7 143350 8
418 621 23 628 8 633 42 690 4 694 4 758 7 772 15 793 5 863 5 1019 4 1042 6 1147 4 1540 11 1691 4 1801 7 1715 8 1757 5 1999 4 2528 11 2702 9 2705 22 3127 7 3277 55 3377 5 3606 6 3697 4 3851 6 3859 21 4023 5 4216 4 4543 4 4635 9 4701 5 4699 10 4826 5 5399 19 6263 6 6704 4 7063 8 7434 4 10294 20 13601 6 23597 24 31595 7 34134 43 34485 25 34771 5 35227 31 38811 5 40577 7 46982 7
1336 1994 7 130477 16
12885 24837 6
860 1155 71
630 17570 12 7035 8 6969 21 731 9 843 5 809 5 828 7 862 8 890 9 908 44 927 5 990 9 1041 8 1085 8 1132 6 1219 7 1300 7 1433 120 1461 4 1486 22 1495 4 1549 7 1571 5 1586 34 1674 21 1640 13 1655 9 1659 4 1678 15 1751 39 1756 6 1778 4 1807 6 1879 29 1943 11 2010 5 2176 5 2307 7 2477 8 2512 72 2517 4 2547 10 2578 48 2601 4 2692 11 2902 10 3064 5 3164 18 3232 4 3290 6 3324 15 3481 19 3686 13 3702 9 3703 4 3739 5 3770 24 3830 4 3829 8 3835 24 3853 21 3985 4 4004 9 4005 15 4143 4 4157 4 4166 13 4221 6 4277 40 4375 23 4446 8 4482 12 4510 27 4617 6 4784 5 4804 8 4816 5 4817 10 4842 5 4908 19 4937 5 4977 4 4979 29 5015 48 5024 10 5040 15 5147 11 5161 5 5171 5 5348 37 5387 17 5418 5 5464 7 5472 7 5635 8 5810 9 5904 4 6113 12 7881 8 6469 11 6478 5 6506 10 6515 9 6579 11 6703 6 6717 41 6739 12 6849 9 6890 4 7049 10 7241 24 7250 18 7306 5 7340 5 7518 5 7692 8 7778 5 7965 6 8356 7 8591 4 8494 11 8523 5 8536 7 8710 7 8788 4 9025 8 9203 10 9663 19 9764 7 9954 9 10147 5 10289 33 10389 7 10717 6 10730 5 10796 10 10820 44 10958 9 11105 15 11125 5 11449 8 11632 8 11639 8 11659 9 11669 12 11671 16 11699 10 11702 6 12083 9 12186 11 12461 7 12744 4 12781 14 12993 4 13456 11 13472 13 13655 14 13737 44 13758 10 13863 12 14537 6 15554 4 15574 5 15629 5 15634 6 16403 4 16559 11 16881 6 17094 6 17894 4 18047 13 19162 5 19925 17 22157 9 23548 7 24094 7 27953 6 28372 22 28805 14 35272 13 40585 5 41762 10 41758 10 41767 7 45710 4 45713 7 59773 5 133714 24 135034 17 191597 29 197367 6 197365 12 218823 4
11122 23258 10
165 198 4
8545 17376 7
21137 55139 102 36882 4 37183 16 42653 11 46376 5 53668 4 53941 9 53996 5 69403 13 81329 4
42414 141788 10
64 156 32 382 15
24 161 13 1550 12
13 306 5 308 5
3847 7349 6 16336 5 8769 4 8996 4 9269 4 10706 11 11640 5 11761 4 13843 4
5138 9251 4
290 508 4 684 7 2682 27 65354 21
110 205 10
81 260 8 256 4 403 5 399 8 564 7 744 4 762 12 821 19 963 9 1048 4 1744 35 4451 5 7996 5
63780 98366 8
62705 96990 15
53 356 6
177 285 22
4325 7894 10 7896 5 8773 7 14798 7
555 957 4 1171 12 1308 25 1309 11 2196 19 2741 8 3470 9 3769 50 4500 11 5461 5 5999 6 6884 7 7081 12 10422 4 15327 10 16487 5 17534 24 17855 8 22965 8 23153 14 23284 59 23719 4 27047 16 27389 4 107111 5 109395 10
1097 1551 5
171 323 5 510 37 585 7 609 10 632 9 1163 5 666 9 999 5 1129 5 1128 5 1142 7 2896 13 2911 18 3136 19 13114 29 31369 6 31807 33 43101 6 68281 18
8484 17212 22
533 680 6 679 4 699 9 695 13 717 12 1241 4
4229 7548 5
379 560 13
39 352 13 497 9 568 19 765 40 846 6
1469 2209 4 2179 4 2199 5 2632 10 2955 31 3270 4 3328 6 3344 10 3713 4 3712 6 3930 4 4888 10 5117 8 5248 8 6397 9 6819 4 13814 6 15192 4 15688 6 15872 6 15867 6 16600 4 37257 4
20179 34756 13
9434 56181 15 134302 13 19346 20 77407 5 87477 7
76 376 7 517 8 1140 5 1175 36 1197 4 1234 7
182 383 11
41 419 7
190 423 13
274 498 5 562 4
2833 5297 9 20707 6
2660 6178 7 7024 7 6968 23 7677 131 4299 19 4293 13 4689 4 4796 10 5451 4 5491 47 5532 24 5775 21 5888 9 5889 4 5890 4 5991 39 6053 78 6511 17 6578 14 6941 23 7576 5 10302 135 10978 9 11406 16 14571 13 45218 9
88 408 43
5501 10186 8 24835 4
515 752 7 751 14 655 23 670 7 697 13 721 17 13076 86
191 439 18
261 491 9
193 507 10 722 4 880 5 980 21 1524 12 3549 7 4140 6 4481 12
2455 3894 8
2047 69777 4 16466 12 17400 6 22024 6 23209 4 64620 59 74766 5 108245 10 130642 4 174158 5
180 451 15 873 4 1235 27 1412 6 1780 7 1928 4 2564 7 2633 6 2683 14 2765 6 2907 18 3347 7 4963 64 4122 4 4120 5 4148 4 4130 25 4158 8 4726 5 5224 10 5667 29 5861 7 5990 5 6355 18 6398 5 6528 9 6870 4 6965 39 7989 4 9525 4 10969 7 11054 5 11915 7 13706 9 14165 5 16376 43 17763 9 24904 49 20578 19 21188 35 21486 5 29929 6 29983 12
208 484 4 2051 29
247 489 5 729 5 741 30 743 6 925 55 1023 10 1032 8 1093 6 1167 60 1172 6 1207 7 1216 6 1248 10 1347 8 1424 11 1468 7 1553 4 1556 9 1578 14 1872 5 8796 5 8919 6 24993 4 41715 4
162 465 52
415 595 4
253 487 10
3466 5876 5
260 490 7 558 13 857 12 1024 4 1362 4 1717 8 1753 21 1766 9 1769 9 1819 6 1877 14 1944 8 2056 14 2064 13 2088 6 2110 17 2144 7 2175 41 2546 10 3609 8 3695 15 4909 6 5790 4 7048 4 13671 17 43492 5
508 960 5 1114 5 1255 4 3230 10 3319 7 4818 5 6475 5
686 965 6 899 20 897 4 2129 7 2186 5 2392 20 71634 11
86 1090 8 3937 11
7074 14101 4
24246 45164 5 44154 9 44152 6
373 551 15
392 572 9 18611 14
192 780 7 2912 5 1680 4 1804 7 1810 7 1773 6 1803 7 1878 9 2079 5 10420 4
1710 3673 6 2715 4 3145 16 3690 6 4198 5
361 599 18 11930 6 14672 21 20584 6 27270 12 45299 6 55385 10 208172 8
331 617 7
16 626 5 768 4
809 1159 5 4142 5 4567 5
4839 12389 14 13717 7 33569 4 10027 10 10114 5 10180 6 10669 11 12587 7 12701 11 14399 6 14860 14 16623 7 17697 5 17895 9 19366 4 21069 32 23605 8 23531 4 27107 8 27159 6 27779 4 33060 9 33744 7 36807 15 43833 23
278 853 4 964 6
23721 80498 11 47006 4 46094 4 50653 4 68701 5 125426 32 182426 47 191444 43 217429 20 249720 5 251997 9
473 658 5
72633 110785 15
115 685 9 791 25 52252 4
3455 5835 5
4704 8400 5
1396 8478 32 2962 27 2374 14 2513 16 2536 8 2575 4 2577 9 2628 4 2627 5 2694 28 2704 6 2712 13 2738 4 2762 5 2793 4 2798 83 2805 42 2906 27 2961 8 2968 4 2974 304 2982 8 3043 10 3172 72 3227 4 3316 5 3282 14 3762 6 3759 5 3763 4 3979 18 4117 4 4213 8 4323 112 4341 17 4395 5 4480 9 4502 5 4695 6 4698 6 4722 6 4753 5 4790 7 4985 4 5016 19 5067 9 5234 13 5237 11 5339 13 5342 6 5604 17 5606 10 6109 12 7500 8 6163 7 6388 14 6399 9 6509 10 6545 5 7085 5 7089 7 7394 7 7991 4 7774 6 8149 10 8121 8 8188 10 8457 4 8772 7 9446 5 10210 10 14558 4 14574 5 15733 4 15998 5 22295 30 21489 4 22513 5 22915 4 27269 6 27791 11 35398 7 56199 6 87365 21 100674 6 102701 10 108349 10 166459 5 166758 4 166848 14 168817 17 194229 4 194976 8 198173 10 198811 4
79735 123146 8
586 746 8
365 754 8
2882 4714 5
3528 6177 4 6219 6
94938 745 15 140981 6 141108 42
599 770 5
674 883 10
426 867 7 1580 32 4217 6 4223 5 4459 52 6706 11 9992 5 7115 5 7842 6 13775 6 15368 26 15691 16 25125 9 25740 12 33078 11 50079 10 71703 10 76072 10 114371 14 114505 15 122296 10 129088 8 145174 20 152661 17 154248 37 154356 134 154484 9 157894 4 160293 19 161222 4 163529 11 164045 16 164277 16 171513 8 172277 9 173902 29 177386 8 182243 27 186641 9 186642 15 187569 9 187689 4 190783 13 194316 7 197797 5 204099 51 205032 9 209389 10 211748 5 212444 26 212800 7 213201 6 217791 4 219527 7 233675 10 235199 12
33413 57609 6
6965 138345 13 21743 4 35470 7 36952 16 44822 13 60348 7 66755 43 102702 12 104901 7 106003 4 106055 6 111293 5 116645 4 116757 4 125212 5 129377 6 129657 4 133389 15 138309 9 139531 5 141821 24 148813 5 151526 4 158227 4 158657 4 159442 11 163482 14 165820 6 166426 5 170603 13 196954 4 200386 5 205842 7 206482 6 206874 11 206954 7 207482 7 218321 8 239840 5 251989 11
203 922 14
710 941 18 984 12 1017 5
691 944 12 958 19
7823 50887 14
4386 7745 7
3354 5597 6
805 1058 41 19359 6
826 1101 10
15880 29832 4
22049 39075 6
21575 37260 15
48235 77764 6
60146 93785 7
736 1188 4 10300 8 17447 7
11240 23558 4 53471 14 36142 5 35312 10 60156 5 23424 10 36308 4 23500 12 23884 14 25186 7 33616 28 33740 17 33900 5 35295 14 35571 7 35797 4 37095 26 37455 6 40494 5 40574 10 48950 9 48929 4
18155 44745 31
322 1287 16 1289 21 1288 1563 9016 8 20519 8 13751 53 17792 24 21139 8 23132 24 23550 8
79433 119633 15
1196 1727 6 1729 6
10271 21211 5 44472 6
26131 46619 5 47352 11
940 1294 71 1469 5 1736 9
14506 27034 110
15754 29528 33
1997 34419 19 86726 46
45509 76612 35 127668 11
6355 12074 9
993 12602 7 1794 24 15947 13 8506 6 22019 13 9794 8 14408 5 15533 10 15575 20 16210 18 17070 8 17269 9 17764 6 18242 7 18684 34 19256 4 19349 4 21228 32 21493 6 21801 4 22154 6 23002 4 22994 11 23139 5 23205 8 23702 5 24419 4 29122 7 29991 4 31052 6 31580 8 33023 6 33198 11 33336 21 33767 7 34154 19 34383 7 36960 5 42187 4 43831 16 44791 5 44962 142 45307 10 46415 67 47133 6 48875 7 51443 49 54264 5 55499 7 56962 13 58311 5 60875 6 62225 4 62502 7 72381 4 72642 30 77653 7 78303 5 81067 9 83928 5 84423 5 86265 6 86421 24 173933 11 86857 18 94602 8 95597 7 95616 5 97786 6 102705 24 104600 4 104900 8 105546 8 106051 7 106811 4 109086 5 110463 12 110925 4 110953 17 111349 6 112105 4 115929 4 116144 9 116742 5 120497 12 121378 5 123364 9 126516 10 127225 4 129512 8 129591 8 129780 8 130176 7 131323 5 134042 14 134749 8 137825 15 138318 6 140594 9 140919 10 141795 52 142140 7 142340 61 148785 8 148861 4 149637 6 149798 7 151214 13 151432 7 153397 11 153424 7 153461 11 153588 18 156083 4 157151 6 157337 5 157514 9 157517 6 158301 5 158649 9 158631 7 158991 22 159129 6 159243 7 159416 45 160356 4 160542 5 160931 4 161860 13 163532 6 164049 6 166753 6 166869 6 168234 6 168836 4 176250 13 177038 4 182338 12 182743 7 187808 12 193166 4 193799 17 193878 6 198479 12 200381 4 201723 4 204612 5 205024 5 205697 7 206058 4 207585 7 209998 10 212780 4 218319 6 218876 6 224883 5 225242 27 229600 6 234089 12 234393 6 239401 4 240747 8
1160 1663 8 1916 7
5868 11424 4 11007 6 13853 4
8278 118154 5 18406 29 18674 9 18734 9 111497 9 112632 24 113160 9 174074 10
10 1444 6
941 1499 6
1089 1533 6
1111 33353 7 19221 9 55326 10 23831 26 107407 5 20761 18 45669 39 52346 6 57059 5 74576 4 75147 11 75337 15 171864 4
3480 5918 4
1120 1598 13 30038 13
10298 1675 5
3690 31095 21 7685 52 6418 12 6902 18 7269 7 7372 18 7693 4 8643 13 8886 14 8944 16 9497 7 9639 31 15048 7 10206 13 10219 21 10538 5 10656 33 10695 8 10718 36 10887 9 18454 13 12443 12 12625 17 12718 11 12719 12 12745 36 12780 4 20536 20 50443 9 13669 14 13764 12 14812 29 14870 8 14994 8 15252 4 15279 8 15739 10 18730 22 19163 13 21265 23 121087 9 22156 7 24884 13 25396 9 25308 9 29600 32 30093 5 30790 5 31464 18 33022 6 33076 7 33090 6 33727 43 108784 9 34052 61 34317 4 34731 22 36174 19 39243 26 44002 25 45319 7 45468 7 46555 7 47036 10 48112 6 48657 11 48706 6 48936 12 49386 12 51419 6 51948 7 52539 10 52370 7 55595 21 55203 76 81124 7 89041 12 97751 27 105527 22 114905 22 117468 8 125423 33 125798 6 127159 9 127810 7 129152 5 131371 5 135819 8 136240 7 137203 6 137708 4 139706 7 140372 27 140917 11 141132 10 144115 4 146682 4 147119 12 148787 4 154366 15 155768 8 155999 24 157800 9 159255 6 161833 11 162527 7 164934 8 166498 11 177035 9 187381 7 189623 8 193382 4 196616 22 197172 6 204014 9 208183 15 208739 7 217020 6 226961 26 228872 10 230088 5 234099 15 235277 5 236796 15 238876 6
973 1679 10 1884 17 2044 25 2534 15 2759 35 2776 12 3205 8 4300 122
287 1698 27
911 1702 6 1701 18 1784 4 3660 6 7097 19 23175 5 23167 5 31513 6 135646 42
1167 1725 4
1268 1827 6 1829 10 1831 14 55777 9 6264 6 6719 8 6888 8 125893 18 54467 4 56796 6 75493 4
558 1759 7 5439 17 24286 6 24939 10
35444 69556 28
1376 2030 15
61514 95456 17
1219 1779 5
1201 1833 4 2664 8
1096 1815 6 2576 4 2600 4 3919 11 4022 5 4887 4 16593 6 35503 45 38725 4
863 1863 11
6776 15884 19
88806 131282 4
3684 116536 35 10856 26 21648 21 7681 7 6426 12 7484 79 7541 12 8189 51 9760 96 9800 10 10696 165 11916 6 12159 9 12604 10 17478 42 22500 23 18694 25 18972 9 19374 4 28596 16 21496 45 21507 5 21131 8 21442 9 22420 72 22948 4 23357 16 23522 12 23641 8 23933 101 25316 5 27572 32 33622 10 29564 17 31096 6 31524 14 32988 4 33220 36 33322 7 33584 10 33591 9 33627 6 34002 6 35337 6 35336 7 35389 20 35518 12 35624 5 35626 102 36614 14 36874 11 36957 10 37068 29 37431 30 39599 169 63935 4 40517 7 43142 52 46409 27 46477 37 48633 6 52531 45 118681 4 52904 9 52985 4 54289 95 55401 24 56035 36 56098 23 58466 14 59231 11 60378 10 60795 4 61552 4 62725 25 62616 5 66402 5 66629 6 68087 12 69658 49 74298 17 74347 4 74811 8 75905 6 75898 4 77570 4 80605 4 81053 6 81513 6 114858 4 86795 22 90871 51 91539 28 93522 8 123006 5 96563 24 97032 6 101010 22 102498 6 102743 7 103661 12 104195 5 105092 24 105727 6 106218 7 106267 17 106914 4 107481 23 108336 4 111200 12 112897 7 114361 5 114868 4 114926 7 115407 4 116091 10 116159 5 117744 9 118214 34 126656 11 127227 4 131924 6 135723 13 141993 6 148867 4 148970 6 151279 20 151217 13 151438 14 153561 4 155356 8 156851 13 159717 17 160308 5 160361 10 166397 16 167164 5 167217 11 173879 12 177174 16 183902 6 193290 7 193908 4 194811 8 194983 7 198817 5 202540 8 207303 6 206064 5 208711 6 244352 8 249636 7
1369 2052 13 2065 6 2138 4 2645 4 2644 5 2691 6 2693 17 2695 30 2718 5 2744 6 3111 9
5754 10547 8 11494 8 11987 5 188674 6
1290 2073 17 4507 4 6714 12 6738 11
1174 2075 17 21829 5
1406 2083 6
1428 2114 7
1321 2146 4
1533 2302 12
1064 2362 14 2360 5 3691 6 5616 6 5837 5 6516 4 9001 6 9065 22 10731 6 12772 17 19161 8 22428 85 24763 5 30793 9 31517 29 33707 4 36877 17 36922 6 38764 4 39065 14 39937 18 40491 10 44958 32
1357 2373 8 3137 32 3516 10 3699 7 4626 15 4886 6 5347 17 6721 10 7158 5 7231 8 9266 7 11675 6 13517 5 16678 8 184640 4 81718 4 106549 10 163231 6
1561 2365 6 2475 28 4442 6 6533 5 7469 9 7670 8 8114 8 8751 8 10202 30 10834 5 15865 5 16766 9 16897 10 23816 10 28217 8 31386 6 35281 8 112873 4
1186 2391 81 2518 7 4868 9 3619 5 3698 24 3834 5 4001 6 4276 22 4374 23 4536 21 49767 9 4775 5 5126 5 5227 229 5249 9 5370 12 5386 5 5419 7 5456 5 5489 26 5589 7 5605 5 5779 12 6041 43 6202 8 10591 8 11188 9 11668 9 12495 5 12514 5 12568 11 12603 16 12656 21 12805 19 12813 4 12957 4 12945 74 12978 4 13120 4 14731 63 14853 6 14873 16 15064 4 15881 7 16769 14 16972 10 17017 4 17115 10 17278 16 17343 9 17854 8 17915 8 17922 18 18049 12 18062 30 18245 7 18401 10 18598 16 18673 21 18704 8 18893 11 18892 6 18941 11 18945 10 19365 5 19526 9 19871 74 20290 12 20632 12 20975 25 21187 20 21193 6 21231 24 21324 7 21345 11 21437 38 21783 20 21859 33 21964 4 21966 14 22640 9 23044 23 23306 24 23374 25 23421 6 24176 18 24497 32 24618 8 24720 5 24759 7 25393 4 25813 8 27105 15 27257 9 27491 14 27960 6 28733 8 29125 9 29404 9 29526 48 29545 39 48296 115 30324 7 30384 12 30693 21 30698 8 30840 10 30934 9 31722 7 31850 69 32908 6 33305 7 34082 7 34155 9 34192 10 34634 9 35185 6 35313 16 35486 10 35615 9 35597 20 35895 5 35934 6 36089 47 36247 9 36606 4 37021 45 37062 11 37357 8 37365 7 37615 6 38715 6 39145 6 39699 12 39708 5 42652 10 39849 4 40147 9 40278 8 40482 18 40693 9 40704 12 41997 14 42189 7 42543 10 42576 6 42724 9 42838 6 43867 17 43918 22 44538 17 44766 15 44788 13 44912 66 44993 7 45927 5 46678 9 47364 18 47415 9 48068 6 48412 7 48532 4 48540 28 48648 6 48736 4 49141 5 49404 7 49765 4 50657 12 51341 4 51534 6 52362 7 53089 28 53152 11 55328 9 56547 13 56931 11 59196 25 60866 6 61229 48 62162 7 63643 12 63679 8 64086 20 66018 71 68092 45 69359 9 73689 5 73717 12 73919 75 73923 20 74348 6 75336 56 75438 14 75997 5 76022 14 77642 10 77671 13 77908 5 77940 6 80516 52 81079 6 81389 8 81601 15 81618 5 82590 4 86324 7 86416 45 86434 9 86532 15 87319 29 89819 10 90034 36 90359 20 91510 9 96332 5 97913 15 98588 16 99340 21 102501 10 105445 4 105465 4 106770 6 106905 13 107244 11 107821 19 111336 7 112029 21 112420 6 113000 8 114506 13 115204 11 115638 9 115776 7 115945 10 116241 11 117200 5 117572 10 118162 17 118497 6 118884 6 121377 7 121985 6 122588 23 122711 7 122830 4 123334 20 123864 10 124863 56 124898 7 125072 7 125201 4 126652 9 126999 7 127614 4 128361 9 128475 7 129102 4 129752 6 132298 11 132461 9 134846 6 136241 7 136740 34 137048 12 137478 6 138031 12 139753 5 140559 25 140577 9 152506 9 154261 118 155699 6 156596 5 160296 22 160878 15 162241 5 162934 6 163155 19 163531 8 164340 6 165233 4 177027 9 195087 28 195958 7 195952 10 201600 22 203134 10 203404 9 203503 4 203616 4 203881 14 204315 7 204553 8 212007 5 213799 18 217002 11 217656 10 220561 7 221201 22 221291 6 228697 10 228873 4 229020 13 232051 8 233788 4 233864 8 233888 6 234093 5 234147 5 234309 12 237133 14 237496 14 239406 4 244780 4 245986 8
8783 44406 5 37607 21 36578 50 37382 12 38726 4 39573 5 39691 4 39848 4 40275 4 41609 5 41860 19 43256 103 43582 8 43804 9 43911 29 45097 8 46107 13 46302 29 46944 8 46959 4 47026 32 47079 5 47242 19 47271 5 47366 4 47577 4 48012 23 48367 5 48416 20 48765 14 50081 4 50131 15 50367 8 50839 4 51217 12 124931 5 55254 18 55408 4 56625 20 59489 7 60121 7 60130 12 63587 7 63677 7 65260 4 66651 13 69470 4 73682 4 74685 6 75829 4 75993 5 76213 6 77387 6 78203 4 97915 4 99344 14 101217 14 101936 6 102209 18 104464 9 106772 9 107085 9 107953 7 108273 10 112986 16 109385 5 109396 15 111338 10 111353 5 111471 7 113011 4 117450 12 117743 12 118824 5 122586 19 122709 6 123982 7 124083 7 125403 13 125942 6 127748 10 130232 5 135171 4 135463 24 138118 8 138765 7 139768 6 140766 4 140946 5 141547 4 142718 4 146997 4 155154 4 166209 6 199896 6 207083 13 216424 5 220271 6 244001 11 245793 5 246373 10 248589 5
26790 47659 18
1625 2523 7 2571 6
1978 3108 8
2050 3198 27
3640 34781 9 13808 6 3796 6 6732 8 14140 6 14509 14 14734 6 15866 9 17659 5 17903 4 21584 4 25462 6 31512 11 39080 5 39858 17 48431 9
1050 50402 6 38943 8 68732 4 80634 4 81155 4 105224 4 106045 8 193401 59
1607 2615 6 2717 9 2792 4 3850 13 24713 4
283 2680 5 2659 7 4041 6
8546 17378 5
1756 2698 5
1580 2709 16
85642 128820 10 128128 9
31358 54577 5
374 2791 4
50252 80114 21
7832 15946 7
4084 7190 8
1721 2878 7
71 2914 37
1875 2939 16
18861 39015 7 39624 4 40598 6 42555 5
35341 60440 5
34999 60459 4 81140 24
33354 63967 5 71407 4 77585 6 133614 5 155665 59
1908 2920 11
1860 3009 5 3008 42 3228 5 3226 4
141401 194124 7
1822 2980 7 3284 53 3915 14 4144 6 5335 6 5745 19 9077 4 6116 29 7150 28 7392 11 9144 37 9200 5 9296 6 9354 4 10476 5 11033 13 14741 112 14759 21 15633 4 16613 5 16996 20 19168 4 20981 12 22800 5 23037 8 27479 6 28927 19 29669 6 30063 32 36918 7 40051 269 41068 21 52255 11 62601 5 66394 8 200240 17 74285 6 74887 7 80722 4 81036 5 81461 8 86275 5 86727 25 108977 9 126047 24 126496 5 129515 15 141137 23 151220 52 152055 9 153587 25 154075 19 159500 9 161590 4 165801 31 166794 6 168309 5 184326 4 183892 5 198630 4 202255 6 205016 6 217790 7 231652 4 233650 4
1047 3007 4
22230 52143 11
16892 186457 11
1842 3057 4 3141 6 3318 5 3541 8 44786 19
462 3095 8 3122 4 3149 326
5092 50066 5 124046 6
1663 3105 4 3510 7
847 3118 5 3147 14 3650 12 13077 37 13608 6 17620 7
2004 3123 6
69835 191115 13
2023 3196 4
1781 3161 7
7680 15616 10
2043 3422 4
2069 3267 6
3594 6190 22 6185 5 6184 4 6166 7 8352 7 8868 7 10243 24 10488 9 56727 12
7490 78228 49
3551 6182 7 6064 11
2293 3607 5 5829 7
90846 141037 11
2252 3543 8
3106 3513 10 5389 16 6110 28 7043 6 7079 7 7624 5 8748 7 11764 4 14546 12 15196 24 15211 6 15405 18 16010 7 17199 4 20051 12 28527 5 90182 5 112733 9 166322 4 193395 12
2201 3521 16
3086 5106 12
51816 82183 4
1777 3629 15
4648 3631 7
1817 3633 6
2346 3684 4
610 3741 4 4046 13 14420 8
2374 3747 9 4956 17 4155 7 4156 19 4167 5 4259 4 4275 26 4545 6 4562 8 4716 10 4854 7 4895 14 4969 92 5019 26 5039 6 5144 7 5118 4 5223 32 5235 14 5279 73 5314 4 5366 38 5506 11 5844 5 6421 34 6517 14 6692 13 6702 7 6705 8 6716 27 6835 4 6886 17 6978 6 6982 7 7040 4 7062 15 7090 5 7094 6 7272 10 7304 12 7353 12 7436 5 7510 8 7612 4 7664 30 7776 5 7908 10 7933 8 7997 10 8366 5 8375 20 8508 19 8626 4 8753 10 8942 9 10387 7 10541 11 10957 14 12714 9 12956 5 13249 5 13459 10 13914 27 16906 8 17071 12 18210 10 18441 10 19079 6 19931 9 20294 5 20418 6 20494 8 20501 7 28513 5 29904 15 30214 5 30837 9 33452 13 34958 31 34978 15 36624 9 37040 4 37432 14 39969 5 43486 5 43636 7 45849 8 46277 6 52859 8 54944 14 56067 13 78077 15
2382 3753 14 4522 9
2430 3858 5
3769 16180 7 11476 8 11949 4
2397 3797 26 5214 18 5337 25 48996 51
2131 3819 5 4613 9 4625 34 5598 4 6369 62 6915 6 21194 4 22033 8 23294 4 24899 7 29368 7 29538 6 30123 9 31098 6 31105 14 39108 9 41635 15 48647 9 51156 7 74466 12 77414 14 78345 8 80377 12 86440 4 110861 7 118848 22 152649 4 154265 216 156178 5 205087 6
2423 3846 7
2431 3860 7
2420 3857 10
32138 104442 8
25836 104449 8
507 3927 4 4012 7 4048 40 4199 4 4443 15 4632 4 6127 5 6282 5 8711 4 8922 4 9023 4 10955 4 10979 5 25131 4 29472 4 29726 4 48780 12 55378 6 59132 5 71612 21 80272 12 88807 4 122374 7 124950 4 125513 16 142306 6 146012 7 153756 5 155971 7
2492 3961 6
2511 3973 25
2503 3974 15
2417 3981 7
2129 4035 7 4273 10
18059 77727 4
4224 4201 5 13091 4
976 4541 4 5150 5 7054 5 7929 13 8566 4
2573 4181 6 5215 52 5358 23 15313 8 15584 16
2251 4975 4
2626 4556 10 4258 5 4587 9 4658 6 4697 28 4724 7 4764 23 4781 8 4819 4 4841 4 4864 5 4907 8
11440 23907 4
1439 4225 9
61796 95812 5
140614 193173 7
82947 124102 10
108321 152566 83
30035 184339 15
37492 203229 13
2663 4292 5 20073 13 6722 8 12405 4 21417 7 47494 5
5555 31811 6 11477 26 11532 6 12382 4 13081 18 15465 5 15731 24 15997 9 16434 19 17399 13 20412 5 20568 6 21651 29 21751 5 21907 15 21927 10 22078 5 25189 8 25306 41 30640 12 31779 6 31851 31 33747 6 34755 12 35912 18 41956 6 49781 8 51975 13 63828 7 93514 7 116583 5 117037 4 120491 26 125174 4 132954 25 139517 5 151524 5 153280 6 154263 42 154267 4 163450 24 182246 5
2682 4349 27 4476 6 4752 4 6842 12 7046 6 7366 6 14763 6 15848 5
2691 5001 4
1262 4376 6 43460 6
2453 4478 5 4591 4 4758 6 5591 22 7628 4 9014 5 25247 4 238352 4
1828 4514 14 5170 5
28984 50960 9
2415 4544 6
1910 4606 11
3046 15784 22 13961 5
2718 4631 10 17205 6 17714 4 18087 6 18028 4 18218 11 19563 9 19566 10 19961 11 20456 7 21599 5 20889 8 21032 4 21560 6 21921 11 21963 6 22484 6 22792 6 22784 5 22830 6 24131 4 24513 5 25689 10 27393 5 31373 5 35359 18 35466 5 37356 5 39439 48 40194 4 43018 45 43464 7 44590 8 45955 5 46612 8 47192 9 47455 14 49770 11 52883 5 53487 5 59484 4
1419 4690 10
820 4723 7 19898 5 20071 5 22473 11 43261 36 95596 8
2974 4997 5
34637 64804 6 59508 4
4967 23052 9
21728 89193 35 37533 6
121237 169212 9
2028 5141 4 11234 7
3064 5108 10
1857 5137 4
1767 6049 58 8192 4
53729 84742 14
7788 30988 14 13519 4 15722 15 20961 5 22571 20 22801 19 23875 27 24396 9 27156 22 27505 5 27745 17 27951 7 28760 6 30636 11 30639 21 84144 19 39710 12 41977 8 43947 30 44098 7 44273 9 46306 8 56104 18 57724 57 58246 35 58332 140 58456 5 59176 5 59947 6 61551 4 64271 5 66565 6 67833 8 74307 5 76274 8 78252 16 81264 12 83233 56 84858 6 91254 29 91371 5 96848 9 104176 6 104992 13 110882 10 111481 16 148877 4 177465 12 182193 7 185060 13
152889 208919 5
3173 5412 5
3635 6270 4
2756 5349 15 5992 12
3211 5371 16
3236 5392 15
3234 5391 4
3267 5433 5
2241 5429 5 6254 17 6298 9 6841 6 6997 4 8498 13 8518 13 8619 5 12456 4 12770 13 14792 11 14995 6 14999 21 15065 10 15187 22 15344 6 15390 15 15880 5 16494 17 16958 24 17105 4 17340 8 18373 39 18702 9 18944 7 19080 8 19132 28 19458 31 19545 33 19565 5 19720 22 19941 13 19963 4 20417 12 20741 22 21192 8 21415 4 22805 14 23706 8 25644 5 25732 4 29987 8 30737 4 33451 10 33565 8 35028 9 35180 9 35482 17 36817 21 37017 5 37380 8 40836 10 42898 7 43773 20 44994 9 45152 40 46010 9 46981 13 47187 4 47434 48 50130 6 51222 25 52831 11 53816 50 54063 12 56082 6 62159 6 67988 18 73835 12 73924 6 74344 4 74464 12 77490 25 80266 5 81288 8 82825 7 87340 4 88803 8 89817 4
2767 5518 17
35142 60136 7
65939 138769 4 243128 4
33466 100934 9
47448 147632 8
3409 6032 25
1639 6043 5
3548 6062 27 29275 4
2142 6118 8 29713 7 43103 7 46413 4 49985 10 54405 8 54956 10 141180 15
6393 6126 14 8583 13 13351 4 14211 4 21029 4 35510 14 36542 6 39842 7 45591 15 72656 24
3583 6147 11
7882 16055 30
77365 116842 15
83982 125402 9
111872 156899 5
876 6216 7 6313 36 14765 5 31601 4
3585 6260 11
2407 7683 6
11587 6328 4
30006 52518 39
3659 6384 6 65143 4
8215 6652 13 20280 8 20318 12 23466 4 23471 12 40831 11 41259 10 41346 22 69397 10 203135 11
3815 6680 5
9365 19143 4
6236 15130 11 15439 4 12947 7 15202 6 21982 19 122125 5 154762 23 166625 7
12800 24669 4
1573 6973 5
34069 66383 6
2399 7037 4 7071 5 7082 8 7607 9 7653 7 8120 4
4008 7045 10 7099 4 7098 11 7206 8 7505 5 7910 9 7986 8 28470 15 29299 27 29330 92 29604 4 29830 324 155819 5 52833 24 53107 10 53463 13 53817 22 54003 5 156032 5 157516 6
2689 9209 4
38400 65123 8
4065 7157 8
3859 7467 5
1192 20766 12 7844 12 7554 6 9146 5 9129 12 9292 4 9651 26 9796 4 10009 8 10134 29 10220 32 12946 38 183156 5 17019 4 18746 61 23598 31 23716 20 24501 7 24655 4 24719 11 24848 39 29417 6 29719 27 29858 5 29861 7 30215 13 30320 7 30699 18 30801 4 30947 36 33604 5 33731 29 34987 5 35636 20 36307 10 50029 23 42737 12 42850 24 55037 4 46961 8 47151 13 47333 7 47365 14 48572 5 48472 50 48639 10 50854 6 139186 7 52297 20 52386 5 54002 43 54907 7 55039 5 58890 39 139189 14 60592 18 63160 22 64872 10 65184 4 66136 6 72338 17 76761 28 76838 13 77682 23 82932 25 83841 22 84422 7 86365 8 86384 42 86598 23 87219 18 87433 6 87437 13 99049 12 103285 5 104194 30 110935 24 111033 10 112103 5 112899 11 114266 13 114382 12 114941 23 114558 22 115277 14 115651 12 116556 6 117051 7 185362 4 118198 5 127340 5 201582 5 124972 10 125075 5 125344 10 126314 32 126973 8 127311 11 130031 15 131278 6 131213 10 132171 11 132612 16 132773 15 133211 4 135116 26 134873 6 136052 8 135731 6 137095 10 137602 20 138296 10 139044 7 139914 13 139993 15 140276 21 140794 31 141191 41 169384 9 149014 6 149933 20 151636 10 151702 10 153618 28 154282 4 155670 145 165616 16 158549 5 157793 7 172865 14 158578 20 160211 8 159251 6 164505 7 165555 12 167095 5 167113 7 168858 14 171069 11 171767 22 173464 7 174302 6 183690 6 176417 12 181747 26 182446 15 184325 13 187370 31 210416 6 193694 6 196003 12 197968 14 198634 12 200469 4 202178 12 202214 13 202780 6 208228 6 208803 6 209170 22 210003 6 215128 28 218695 12 220562 10 221513 5 226401 9 226864 11 228565 10 228604 8 228854 18 229577 7 230729 14 231632 7 233628 12 237921 11 237954 17 240989 4 246814 12 246963 12 247149 6 249629 5
4105 7240 6
2294 18271 5
4154 7371 4
4134 7356 8 10583 4
4103 7555 5 7934 5 7932 7 8775 9 9125 7 17219 18 22777 6 23125 16 23131 6 23166 11 23193 5 24726 6 24841 12 59842 6 69090 6 86765 71 89032 5 106002 5 107243 10 108960 6 110777 6 112884 8 121061 24 126239 25 126310 4 126447 5 127675 29 130032 12 135154 4 139916 10 182427 9 187374 7 223022 9 229019 4
4259 7587 33
3748 7623 4
4293 7627 11
22707 40296 8
100801 144671 7
4315 7731 5
4314 7661 8
4331 7671 10
3351 7743 26
15715 29473 15
68606 135879 8 112109 5
4396 7769 8
4395 8066 7
1863 7755 8
7061 7756 8
1326 7783 4
4180 8203 4
4403 8223 5
4468 7925 10 8131 9 8130 5
25995 51789 4 57358 11 52700 8
1945 7984 23 8888 6 9115 5 9303 10 10280 78 10398 4 10539 6 10992 27 11435 4 11667 10 11729 4 11929 6 12513 7 12653 12 12943 96 13117 201 13191 4 13670 9 13862 11 14492 25 14512 15 16618 46 17715 12 18375 34 18676 19 19722 4 20502 10 36079 6 36947 8 37616 6 45581 9 82575 10 84094 12
4517 8014 6
4512 8085 4 8142 10
56811 89524 4
5219 9460 4
3609 33925 4
16057 30134 31
4571 14326 5
569 8200 4 12423 7
16189 30400 4
56431 109434 7
76537 115779 11
2703 8497 23 55893 4 61640 5 63685 5 63853 4 68703 6
3761 8512 4 8515 8 8737 11 12085 4 13841 4 17810 49 18027 7 20763 92 63535 6
2880 8600 5
4806 8620 4
4659 8681 19 17146 19 19170 13 20845 5 52316 12 109226 8 119656 17 140497 12
3511 24946 7
24700 44050 5
4864 8725 5
664 8735 4 29549 9
1514 10878 18 9868 4 10221 7 10287 20 11914 4 12493 4 12659 7 13121 9 14871 5 16638 36 23707 15 31379 6 31721 35 33743 30 34327 7 35178 15 36116 39 36525 11 41776 5 43808 9 44532 7 47725 6 54905 7 111102 4 124857 7 144595 4 164467 6 192942 4
3461 8836 35 11408 6
4438 8875 9
42104 69621 5
4116 8920 21
1754 8925 5 16629 5
5121 9217 9
3941 9060 5
3168 9204 8
5208 9431 5 9432 7 13829 12 27065 9
4846 9253 33 12613 25 13090 9 19113 8 45709 13 47048 9
7274 17673 17
15533 29079 35
37007 63045 6
557 9295 15
9540 24468 29
2479 30480 73
28198 49800 11
5185 9359 13
4843 9360 4 21154 4
4957 9361 5
5203 9407 21
5199 9408 12
5072 9499 8
3243 10015 4
1348 9705 5
27924 49410 12
3403 18110 12
5355 9774 6
3475 9799 4
807 9830 12 11293 4 22003 16 23549 10 25668 10 33089 12 33705 118 135388 8
4792 9831 41
464 9856 5
7183 24670 4
5435 9955 4
31066 10006 5
69133 10035 6
5469 10038 6 124206 5
5475 10040 27
1584 10042 16
5486 10058 4
4613 10060 4
4456 10170 9
49019 78826 5
2452 10281 8
5558 10284 19
2584 10297 14
2445 10303 11 20735 8
5562 10314 7
5573 10319 16
5621 10333 9
11238 23413 8
48095 77549 5
5726 10475 19
3735 10477 7 11700 4 21027 4
5735 10495 13 108330 4
3710 10503 20 11895 158 33963 4 126624 10
5737 10498 4
5778 10588 4
5717 10589 5 54381 8
6671 14936 8
2232 10660 5 13705 13 14400 4 22198 6 23546 8 30122 5 31047 5 35914 6 59542 7 140371 6 155655 8 172528 8 196040 6
3098 10891 8 47362 7
5845 10754 4 133566 8
8221 10819 9
41302 132381 14
3423 10890 5 12254 4 12275 12 13108 4 15534 24 15532 14 15578 4 19112 4
22447 10874 6
5378 10902 7
5951 11030 4 11003 5 11008 7
5189 10993 12 11346 5 11445 6 11528 8 11958 26 13116 11 13168 11 13912 4
3858 11042 26 11460 22 13101 5 14586 9 14776 6 15442 12 15466 5 17557 13 23136 8
3993 124376 4
15035 28151 20
8527 17337 4
8337 16837 5
10776 29758 6 35363 9 37661 4 42650 7
5986 11294 4
30859 133453 5 55313 10 62599 8 134183 5 112353 15 123551 5 108760 12 135701 10 81130 11 81290 9 122032 6 82645 4 84352 22 86992 21 87184 4 87498 7 106669 9 110944 10 111104 14 112194 5 112868 5 114264 17 114385 14 114369 24 114906 10 115330 12 117598 4 117490 4 118062 9 118163 7 118731 9 120092 4 120075 13 120775 19 122587 19 124007 5 125441 4 125211 8 125913 4 126043 12 126144 11 126455 21 127310 5 127406 18 128317 10 128541 7 129137 5 129721 19 131766 7 132678 5 133044 7 133715 7 134133 7 134577 5 135725 10 136289 6 137869 11 138583 10 138813 5 140273 5 139132 12 139378 9 142435 9 139719 12 140564 13 140667 6 142074 4 146753 11 147603 13 148005 10 149463 11 151693 4 153743 4 154645 5 194285 5 157812 4 158335 8 158704 6 165552 6 167507 5 171201 4 172280 7 173251 5 173606 20 174226 7 177805 6 181622 19 188875 10 189504 7 189687 19 191748 21 191619 21 192941 10 193786 10 195090 16 196160 14 196246 5 196652 4 199865 16 201615 44 202217 4 204979 4 205658 8 206697 5 209701 28 212790 5 217028 8 217461 16 219114 6 221534 5 226820 6 228792 16 229163 4 230995 7 231372 4 237329 6 238282 5 246805 10 249725 26
13119 25345 9
109813 154362 7
32815 93648 5 238359 5
6206 11751 4
2145 11673 4
33992 11698 17
5512 11703 4
5145 11732 5
6235 12175 11 11964 7
21809 37646 73
53304 163668 7
3654 11959 8
6334 11963 6
1990 12026 9
4195 12027 7
101095 12062 5
79544 119770 5
6037 12088 4 16394 4 21619 4 23269 9 62476 20 72919 4
5031 12151 4
200 12188 7 24760 4 25711 4 81611 4 87475 10
3347 12305 4 13711 31
6435 12278 6 15990 4
5116 12380 11
6515 12398 4
6481 13610 7
47366 76464 6
90973 133939 7
89503 133943 6 132117 4
26863 12454 9
6173 12566 15 16707 27 21561 22 29379 11 33568 6 34953 27
16938 31743 10
139739 192218 4
5935 12582 22
4408 12591 7 61230 6
36366 62041 4
32791 56673 24
6612 12670 13
3931 12680 6
3651 12658 5 28399 4 34948 6
6909 12771 6
6597 12773 24 12815 14 12811 7 13184 8 13763 10 14808 13 15159 5 15248 4
552 12914 9 36816 4
5622 13286 16
16029 51169 8
34746 61644 6
14706 44412 27
680 13520 5
11635 129019 5 105466 5 106640 4 112999 4 114481 42 115792 11 117162 11 117899 7 118337 5 118496 4 125316 6 132436 7 136772 5
11151 23709 9 23198 4 23263 7 23470 13 23511 9 56912 10
6897 13652 6
3798 13653 5
114104 159923 4
130034 180382 4
18927 34345 8
35479 106441 11
5531 14107 4
2193 13864 7 22396 11 22776 7 23573 52 23791 7
1698 13868 5 22786 8
6687 13888 5 20118 9 24895 4 39837 34 73236 6
3996 13892 19 14049 17 37630 6
7005 13938 15 14375 5 14421 4 20072 7 30052 4 188018 4
7042 14062 6
7131 14250 5
4097 14051 4
1423 14175 7
6564 15161 4
3396 15934 11 19137 4
8015 16328 4
8641 17582 4
7157 14380 5 45853 6 46099 8 46946 8 52011 5 71728 7 191829 38
4364 14885 6
1470 14601 6
1830 14671 10 29374 6
10312 129926 7
132220 188809 18
48375 174858 4
7541 15251 13
4203 15254 22 15406 7 17268 7
45139 73354 4
2621 15314 4
4826 15328 6 16242 8 16621 7 16734 5 28328 15 36613 10 82675 9
13292 25839 4
81333 133946 5
67685 15343 5
57559 90484 7
7269 15391 6
7024 15416 4 33739 4
70693 107119 7
53657 84653 17
7846 15971 7
8335 16841 13
5645 16128 7 20457 5 25504 4 29069 4 34486 14
25998 61474 5 60861 4 63375 6 54164 6
6361 16415 11
73196 111681 5
8304 16765 5
7902 16373 14
8070 16410 5
6823 16443 7 16768 17 18594 7 23510 8
21435 36948 5
22893 50543 10
51444 83005 6 81713 9
7343 16836 21
7279 16630 5 91416 4 182770 6 223400 8
8213 16634 12
8224 16644 9
24122 42932 20
85955 127813 15
8493 17637 8
2897 16957 10
8397 16981 4
8418 17032 5
34652 118001 17
8044 17118 29 17658 10 17699 25 17798 4 21901 17 23804 8 24392 6 50010 6
8449 17108 4
25441 45381 6
2645 17282 7
8519 17308 4
8502 17424 7
10361 27096 7 27390 4 39819 5 39836 35 57453 25 68267 10 215218 7
4102 17562 8
15321 28646 271
30417 53172 29
55293 86536 5
24553 123847 6
112485 157671 8
8852 18134 20
68346 103814 14
8578 17441 5
44705 72807 4
68127 248930 7 206689 4 238875 15 246538 5 247415 7 254266 8
7119 17791 47 18695 32 18896 14 20960 4 21592 8 23893 37 32984 6 33291 176 35317 38 45945 5 48938 5 52991 8 56034 6 107834 16 59973 5 60357 13 67832 8 75886 4 90319 16 94972 25 121876 4 182254 4 186262 11
8332 24115 4 24022 18 34761 7 35823 11 56877 4 108212 4
16642 31262 16
31215 54334 9
45616 188123 4 87332 5 93662 5 96249 10 96335 4 120637 10 188206 8 196609 38 205197 8 216920 13 221350 22 231692 10
25837 46082 4
8283 49150 5
2103 18216 14 18889 5 21557 6 36253 10 68777 8 48069 9 63554 6 64735 17 66761 4 69083 5 84106 9 84843 10 86781 18 89040 7 104193 24 112497 4 115069 17 117524 9 120074 13 126678 9 136571 5 137954 10 139389 26 143140 8 149888 8 154042 9 158703 14 162548 14 170809 12 183047 9 187499 4 188823 9 191566 8 196608 14 215660 8 223517 25 237477 11 237725 5 246532 6 246661 6
23886 75198 10
11526 24102 5
9088 18544 8 18537 4
8771 18467 11 19249 25 19257 13
6563 18683 11
9261 18935 5 20500 5
371 19302 6
1564 65162 4
6219 19301 4 19641 11 20146 12 21066 4 24850 13 25453 8 25520 19 25687 6 27733 9 28432 5 29492 4 29773 29 29964 8 33339 6 33960 177 35460 8 39696 8 40614 16 43128 9 44190 10 44663 9 46139 30 47107 10 48632 5 81038 12 100669 7 100976 6 120636 10 149632 7 152033 9 156573 5 196236 22 207500 5
124084 172684 5
1285 19353 4 21303 11
56173 100683 30
9345 19497 6
6441 19522 18 33694 10 107646 6
6675 24279 16
24985 44562 6
9377 19750 65
9598 19775 10
100315 189348 5
33568 84730 5
77103 116498 4
1342 19957 6 41584 22 44800 5 125887 26
7203 20094 13 23288 10
21086 36342 5
9712 20069 25
66695 101813 4
9558 20234 5
154752 211439 4
97224 140477 4
6503 21842 6
9823 20336 109
9824 20337 70 21438 7
9846 20338 33
9932 20340 116
9825 20344 7
9908 20346 12
9842 20354 18
9843 20357 6
9866 20367 6
9865 20368 9 38804 57
5371 20373 18
9914 20379 5
22676 98005 4
64489 99290 21
90197 132936 9
10059 29534 6
81550 122318 6
42017 132867 8
143235 203639 4 191804 9 197790 4
9003 31022 10 21652 14 25818 27 27669 11 30125 20 34384 6 35464 7 38766 9 44789 7 46872 27 47863 14 54262 8 84302 11 100905 20 241658 25 243487 12
16798 31518 11
6318 20869 5 21900 12 23061 7 23811 5
6548 97423 6
10197 21033 5
9356 21140 6
15819 29694 5
41581 68944 8
16732 31416 10
21272 36664 32
13212 28495 7
67515 102812 5
39384 243782 4 121091 5 97788 5 98750 8 103693 5 105528 32 111212 12 111899 6 117737 7 128434 4 136307 6 137204 4 138314 10 141598 8 145991 5 146612 10 151552 8 152733 4 155585 7 168751 8 176024 7 179626 22 197392 8 204303 8 205344 8 207772 7 219940 7 220339 11 237481 7
10330 21320 4
10082 21321 12
10414 21508 4 24043 7 25115 5 25428 6 29725 6 59814 10 91227 8 116635 7 120068 20 184623 19 224920 11 234222 6
44336 72285 4
36066 176612 6
10442 21596 30
79632 119859 4
152144 207878 8
68051 103459 4
38099 64718 7
9415 21989 4 121062 5
10650 22083 4 22190 4 22477 8 22639 4 22810 8 22812 6 23130 32 23748 6 23790 26 24508 7 24584 4 35242 4 188668 91
4490 22252 6 22780 12 23055 14 23373 10 33303 7 33562 6 68079 38 46292 8 47358 10 64099 9 87476 7 91636 7 125285 12 141315 9
695 22368 356
2639 211578 6 169379 5 195530 5 159899 17 165923 38 160311 13 167524 4 120946 15 201564 6 202564 5 156828 4 158627 7 158958 59 169347 4 159070 4 168052 4 160285 5 160344 8 166123 16 167315 4 166395 4 167048 4 167167 4 167202 10 168592 5 173835 5 177121 5 177468 9 188681 58 192401 14 193320 7 194228 4 195766 5 198632 7 204761 5 205591 4 207502 4 207992 6 211353 15 215215 6 217439 14
10829 22386 4
10927 22698 4 23204 13
2264 22732 4 24389 4 34861 7
546 22834 12
8823 22848 9
2357 22968 4
5246 23007 6
9617 22993 9
5365 23046 4
10768 23043 7
8412 23054 12
10251 23074 18
10090 23118 15 23268 45 49876 12
10522 197412 4
28009 49533 11
20333 62638 83
85706 127529 8
138509 190852 4
1764 23282 14 137386 4
15587 29204 10
26604 23337 5
11360 25752 11
10064 23356 16 28407 5
72290 109271 5
10832 23460 6 23774 8 29331 6 30006 7 78629 13 36725 7 37610 5 38799 41 39139 11 39597 8 44913 9 131306 4 50868 5 52328 6 53155 4 53827 6 59136 6 65259 4 65264 5 72866 6 72975 8 76039 5 76304 6 76910 12 77302 10 78348 5 81390 7 82097 4 96010 6 102977 12 116351 21 116370 5 116523 5 116751 4 116967 5 117201 6 117487 6 118463 5 118650 6 118828 12 119876 7 121035 58 121986 5 123973 6 124786 18 124897 5 124952 9 125259 5 125284 31 125304 10 128538 4 132695 11 133037 4 133210 4 133724 46 134130 14 134299 5 134536 10 134560 6 135425 8 136895 8 137706 4 139748 5 139778 12 140250 7 140370 9 140634 24 140897 14 149896 4 150161 23 152660 5 168777 10 159520 5 161825 9 162237 7 162458 13 164181 7 164333 6 168031 5 169135 40 169376 5 180150 14 182739 7 183988 13 184622 80 187690 4 199148 11 199251 6 199227 6 199844 15 200291 18 202128 11 203517 4 203647 5 205066 9 205080 8 205739 11 207759 9 212021 4 212544 5 212708 7 226949 5 232050 8 235157 5 237132 15 242909 16 243124 8 243485 7
33226 57281 10
24327 57317 4 99343 4 139294 7
47722 77014 5
92554 135852 22
84013 129350 13
9803 23792 11
9164 23812 7
64493 99292 4
3296 23909 11
7482 23910 5
11178 23989 5
63684 98233 16
111311 156230 4
10144 24171 7
36983 62997 38
11651 24585 4 24755 24 29210 5 30641 6 34645 20 35849 7 37300 4 42542 8 46040 13 47846 6 48104 19 56506 18 72526 10 99080 4
11537 24668 5 47382 4 52326 6 72837 15 133123 4 82677 4 84101 11 84847 4 86530 5 118083 8 120090 5 129431 4 137102 13 137396 10 139515 15 143169 4 143864 4 148746 4
13032 24775 9
49126 79974 5
12878 24889 10 25060 6
72776 144814 6
12938 24940 8
1288 25104 5
10562 59364 7 121113 9
13241 25598 4
7342 25241 10
26618 47411 4
13097 25294 5
13131 25375 5
11525 25307 5
11255 25386 4
11063 25426 9
8834 25427 5 45180 5
13096 27048 6
14504 27050 4 69047 5
13185 25480 11
15876 29823 8
12792 25532 44
121096 168999 7
8514 25631 4 29555 4 29802 5
13268 25633 6
15375 28799 4 28764 4
45849 77472 5
14562 27132 6
13101 27331 10 34635 6 37175 7 50829 4
35657 60920 6
13073 27565 11 28940 9 28586 5 29547 6 40674 4
14867 27859 4
1379 28918 6
2808 27660 7 27726 22 30048 5 31778 4 35326 12 40672 118
9332 27680 8
15091 28300 12
72635 110789 6
44223 72139 23
106724 150670 9
11588 27769 5 27880 14 29118 7 29357 4
60187 93699 7
14907 27952 6 28189 18 28215 13 28436 7 28550 9 28734 6 29057 5 29296 21 29295 5 29314 6 29553 4 29598 5
24164 43057 13
37889 64417 15 64418 5
52543 83138 12
6171 229407 4
29178 51255 7
12707 28327 11
15163 28361 9
1896 98709 9 50954 11 69544 5
64142 98840 5
12818 28461 9 29329 14 30694 8 32907 4 35286 5 35813 8 39423 6 40753 25 47446 9 101214 5 137800 16
90146 132848 12
11383 28587 4
15718 30376 16
48785 78532 4
94025 137806 4
15427 29313 4 34178 4 41976 8
8360 29356 4 29728 4
14988 29458 7
5103 29418 4
29401 51522 5
7611 29556 23 31371 4 31461 13 33358 4 33567 6 35187 12 37059 6 40837 5 51157 17 51218 8 51221 24 56846 8 63260 8
93384 142377 7 141465 6
15781 29614 25
4790 160390 4
14857 29670 5
118736 165867 6
15698 29803 14
26006 72800 27 72801 7 61254 7 64097 5 64010 7
128145 179587 5 179645 6 244046 4
14533 29938 6
41145 68349 8
72070 108959 18 110470 6 155365 6 206683 4
4844 30377 11 30740 4
16181 30598 7
6819 30679 15 47339 6 63154 4 72101 7 81632 8 86597 6 87322 19 104462 4 140920 5 143409 4
3698 30919 4
38839 65913 7
92585 135902 4
16386 30791 5
33955 58449 12
16341 30700 4
931 30874 10 39607 15 175173 20
15011 30955 7 34357 17 34986 15 40495 10
16497 31019 4
16496 31024 4
6977 31092 8
3481 31109 7 40991 5
169074 226051 6
3460 31359 11
16721 31384 13
143145 196133 4
16115 31565 4
10721 35190 13
16950 31766 5
13362 36868 6
9210 31810 4
15518 31856 9
92406 135692 5
58071 91221 6
6294 32921 4
5125 32941 4 36501 8
18266 33292 34
18429 33558 30
19152 34696 5
22162 33702 17
127725 177586 11
4903 33704 16
24862 78858 11
57177 89957 4
3568 33791 17
3020 33958 13 36060 6 63259 6 84209 6 98751 5 102295 20 120496 14 125902 15 126200 4 130406 6 130461 5 141536 12 151459 5 162050 12 162909 10 175675 8 178057 6 213792 9
18695 33959 54
46027 74578 18
92616 187898 20
32281 217503 11 90504 16 91599 7 204623 8 144342 4 162238 6 164431 8 167500 4 168118 6 168277 57 204912 11 170850 10 171035 7 171340 8 171428 6 174045 10 174222 11 174354 24 174697 7 177010 4 177551 7 186363 8 186782 4 187095 32 187209 55 187810 10 188045 26 188795 5 191833 25 230338 8 193778 6 194139 6 203880 43 204541 11 204548 7 204566 88 204921 11 206486 4 206817 44 209584 36 209697 21 210255 4 215494 4 216821 15 217001 5 223909 4 226385 5 229076 6 232950 13 233383 8 233790 4 235233 11 239795 18 240485 26 241610 13 242215 4 246375 15 247091 8 249521 4 249846 16
34430 59091 6
50676 80680 25
18810 34218 5
18936 34361 7
18767 34409 8 34404 5
2814 34359 13 35933 4
18943 34372 4
1542 34840 4
34681 61743 4 59515 5 62052 139
6974 34950 8 37267 5 41719 9 45189 9 45298 4 46590 6 46679 4 47052 5 48015 53 50709 18 50952 5 52701 9 53087 5 60142 18
103630 146953 4
20364 35083 8
27049 81004 15
136496 188318 4
3912 35273 7
59981 189205 4
15287 147264 7
18625 35328 4 59016 10
19117 35331 12
783 35504 7
6816 37604 7
12671 35531 5
20565 35586 8
20225 35598 4 43364 7 44798 6 46012 6 46378 20 47066 53 47188 4 47273 5 48487 6 81489 5 56556 8 74682 5 80515 8 81312 27 81391 19 81597 5 132883 10 105444 6 107084 4 111427 10 114702 13 117395 4 118160 4 123668 22 125173 20 125512 4 125780 5 126040 9 126136 5 126255 7 127747 10 128316 4 130407 5 134304 4 134562 4 138588 8 139302 6 139779 8 140364 7 144233 6 147114 17 149460 15
53681 97380 12
81574 122340 18
20877 36059 7 37601 14 40678 5 41769 5
46305 88806 17
6783 61685 7
12926 130435 5
24549 43741 6
40924 68112 7
153447 209688 4
21338 36773 6
138561 89893 6
81161 36829 9
3687 118105 4
21390 36872 34 39632 4
21358 36878 4
46021 74579 7
44271 156684 8
154216 218969 4
94401 138270 27
134138 185285 8
29183 226481 12
93658 137283 4
21452 37493 5
2598 37558 5
21083 37569 4 39860 17 41082 6 41286 6
4653 37657 5
7933 38810 5
10079 38822 4
1782 38997 6 59808 7
15833 39513 10
7863 39320 4
27899 208069 4
21777 39346 16 40706 6 41247 4
22206 39347 21
39278 190338 5 71408 5 87128 7 104902 5 106180 4 122766 6 125267 4 126856 6 130661 5 141600 9 148814 4 180207 4 182489 13 195787 12 201720 4 204759 9 205343 6 206181 5 206247 6 206945 8 209586 26 239810 6 246488 4
23221 114628 12
63738 98288 5
22703 40288 5
267 39998 5
75736 159886 12
15077 39705 4 40763 15 43581 7 45462 6
22403 39838 5
18697 39839 9
15583 40234 8
22530 39951 6
5740 39953 4
15778 40054 254
33090 57114 38
22681 40223 4
22680 40224 5
8791 40281 17 43824 34 58889 21 60180 7
22701 40283 9
24764 40374 4
22778 40375 5
9119 150546 7
115924 162271 4
1759 40607 7
15410 40858 4 42548 6
103070 146234 12
109576 219988 11
105863 195601 4
23076 41867 9 41222 10 48901 5
23051 40986 4
38125 65807 7
21372 41227 12
5200 41225 4
9950 41345 8 135654 25
22673 41536 5 41478 11 42221 9 71614 4
14774 41611 5
9616 41682 7 215986 7
21731 41654 9
410 42220 4
23159 42551 4 51014 29
1295 42554 6 42566 4 42890 4 44510 4 46119 8
15143 42567 5
34177 58746 5
21924 43353 46 199212 4 230305 7 234223 8 251043 6
24404 43463 5
11530 43635 4
3174 43774 6
18400 43806 13
8270 44117 10 101924 6
9405 93551 11
107033 151093 21
2542 44085 27
81559 152011 14
3071 44591 4
24969 44537 7
36438 145245 34
1193 44797 7
21684 45106 16
74250 113099 4
4124 66068 9
72529 138148 14 250506 8
20535 45582 8
27041 45590 5
25608 45656 13
25615 53239 7
9486 45715 8
78230 121438 12
25098 45928 5 95691 7
19046 78027 4
154112 210599 5
25871 46147 16
16074 46148 6
25674 46284 5
10769 46516 4
133160 185888 4
25917 46993 4
107078 151151 4
45954 74498 5
272 47061 26
65964 196773 13
24131 47106 8 48548 5 61164 4
26533 47284 5
2561 47324 4
27816 49227 16
7118 78745 5
52054 86077 40
51618 81935 6
2291 47546 5
44779 72894 8
9622 80205 6
22471 47862 5
45437 73760 14
26626 48414 5 48527 4 48734 4 49401 6 65927 4 69364 50 77939 5 84436 9 87439 4 91224 10 104577 7 108269 5 111425 7 117320 6 116524 4 119869 4 122674 4 125305 6 138119 4 157046 5
41022 91809 18
90504 133356 9
71119 107730 15
47327 108790 7
112344 157503 4
26764 48584 7
160746 217635 5
26481 49453 6
761 49970 5
18944 50032 4 50448 13
25478 50239 4
11386 50242 4
27070 50445 4 50765 5 164794 4
28773 50668 6
28775 50673 7
28533 50710 10
4511 50744 4
22315 50745 4 54966 45 62210 12 139989 4
6586 105605 6
28938 50869 6
36333 61989 6
71751 108563 16
102781 171619 8
36809 212272 5 62728 7 63514 15 72494 33 73721 4 75419 18 80628 8 100752 5 111032 4 114676 5 135024 4 133636 10 135647 4 138081 8 138290 6 138538 8 142317 14 142866 10 148403 4 150217 4 154668 9 154655 6 164068 5 167090 5 168602 19 177088 8 188376 5 210081 5 223500 9 231226 10 232123 13 242818 11 250399 19
16399 51607 4 60450 9
28620 51946 7 122762 6
21919 51973 6
29692 52161 4
24393 52247 7
29453 52497 5
43529 71201 14
2837 52650 18
30371 53095 9
30790 53705 113
119302 166629 4
27058 52642 5
30273 54979 22
29459 52906 8
20299 52889 5 59021 30 60541 28
30255 52930 10
47784 77098 4
30431 58207 13
18851 53733 13
1258 54060 7
28019 54154 5 55551 16 105452 5 117044 4 125556 5 130639 5 132159 14 149799 10 153277 4 154266 4 213337 7 239647 11
33099 57121 8
77539 117094 16
29808 54326 16 55501 5
99275 142879 4
16469 54404 4
52618 83230 9
28367 54957 5
653 54991 16 135722 13 191459 7
31714 55044 49 55602 10
56613 89302 8
52107 133243 38
31844 55202 15
29098 55330 13 59064 7
4946 55364 8
31950 55374 5 89830 5
28854 55563 8
31426 55569 16 56901 8
21011 55575 14
2135 55579 11
32394 56143 8
3336 56159 7 64343 4
8607 101904 17
140644 193213 4
1967 56443 6
3119 56492 4
7867 56806 5
32915 56828 4
32949 56878 15
31401 56963 8 181751 7
1030 190979 9
72261 109230 5
16403 57422 15 64016 14
123241 171575 9
33064 57446 4
75427 114310 4
33518 57788 6
3879 57809 4
107865 168752 17
30647 58293 11
33863 58310 4
48896 78670 36
60581 94242 30
122773 170921 10
33970 58910 8 128480 6
34451 59712 5
19079 158003 19 87178 13 122624 94 243046 4 204140 7
159017 215563 11
2295 59065 12
2006 59464 4
16768 59479 15 64015 4
30522 59793 4 59787 4
33638 59792 4 61249 5 66753 9 76214 6 82059 45 84341 8 99336 11 100646 15 104586 7 116348 20 125400 36 125618 29 183048 5 202426 7
34306 59885 4
35136 60127 26 77856 55
35249 60300 12
73805 188538 8
13162 62737 5
76811 116128 7
33041 60481 4
35264 60483 4 111167 6
26833 60655 6
22155 60661 17
34857 60796 5 68085 8 77587 10 78275 4 114917 8 115399 6 117801 4 121814 4 133047 32 185051 4 194686 6 231660 6 249676 5
9031 60800 6 66261 38 181601 10
35884 61295 4
27215 224470 4
36089 62005 5
42379 71165 10 71633 7 75823 8 76309 5 77377 4 77492 6 77895 5 82015 9 104484 7 114384 4 115881 5 115319 5 115341 12 115947 10 128460 6 128477 9 137480 6 139976 9 145988 5 148671 4 155221 4 181595 6 213048 9 231865 4 235476 8 238877 8 253171 5
105913 149844 9 156607 7
53266 84077 18
8019 129743 8
36448 62166 9
36529 62300 79
139243 191736 8
36483 62219 6
36675 62596 12
28646 62759 4
74288 131437 8
69223 105933 10 105029 4 105451 4 107751 8 110952 8 111337 6 114855 5
29294 144876 4
34662 62903 9
51428 81699 16
37160 63295 38
113919 159525 14
71655 185030 7
37082 63141 6
53241 84039 23
67946 103326 9
53021 83782 5
118692 165813 6
81265 172734 4
157018 213127 4
57444 112434 10
4782 64257 5
13023 64336 6
38111 64739 8 65151 4 66128 5 68655 6
41787 69214 7
53385 84263 11
71896 108756 4
3353 65614 31
38371 65924 10 66617 16 69049 6
26409 66022 106 103827 13 118839 12 127283 4 131769 4 161284 4 207384 4
38857 66251 10 67987 18 235087 4
39476 66506 9
48178 84104 9
37954 66561 10
38772 66562 7
113903 159499 6
53736 84740 10
38456 67878 6 188370 10 186350 7
40889 68114 13
40838 67992 23
76787 132709 6
38309 68193 5
1504 74313 46
39550 68642 5
30044 68832 9
105702 149561 8
37765 68995 13 81553 6 125619 5 125851 13
92382 135661 5
2275 69378 5
2334 69389 24
25146 69468 6 72865 7 78574 4 84435 4 86418 11 86527 8 96365 4 124948 10
102955 146086 8
56052 87587 5
43719 71440 9
28611 155686 10 141399 5 104708 5 155687 6
43823 71785 19
43504 71860 6
41723 72084 9 135433 12 182734 23 183073 6 197940 4 198642 9 200306 8 212442 28 215173 11 217501 8 220272 68 230304 15 237730 9 243701 6 246020 7
44216 95924 10 191033 6 74775 4
113908 197530 11
11397 72380 5 226975 4
44522 72556 7
30545 72763 8 72775 5 74635 8 75558 6 80697 4 93858 4 132957 7
80290 120693 42
81130 226944 7
40918 72819 7
50697 126049 9
44760 72873 5 72871 5
39138 73297 5
44838 73228 4 73698 10 82637 4 126850 5 127087 6 127317 14 127618 5 127644 30 128446 13 131214 5 132445 12 132764 6 134041 4 171032 9 173428 10 176247 5 191257 21 202422 9 204015 4
119425 166808 7
45788 74296 4
141925 194850 6
65784 100681 6
11251 74763 4
31936 74892 7 91351 13
46345 75241 7
92852 136258 9
46422 75221 43
75647 114599 12
115676 161963 6
123247 171580 59
153222 209337 15
71506 108259 6
39132 75461 6
46964 75939 4
47075 76049 4
37398 76436 7 84609 4 96247 5
38841 76545 19 121170 26 130355 4 134961 7 135492 12
107075 151144 4
37971 76379 16 122196 8
74202 126104 4
47540 76789 238
86983 152383 66
63896 123468 4 120645 4 144056 4 157711 5 157965 4 196161 9 214517 4
47620 76897 9
84225 125737 15
85691 127517 8
93315 136815 7
6341 77420 7
27120 77669 6
48443 78089 9
48551 78247 22
27540 78622 11
119630 167064 4
86223 150071 9
50446 80383 9
44434 80642 5 100754 28 103286 6 118338 4 129683 5 137109 5 137492 10 137918 7 143178 4 157335 5 160537 15 171468 9 185698 5 193787 9 196595 7 207264 5 207380 15 223910 5 234090 12 237420 10 238268 4 241318 6
34361 80699 5 84619 5 87693 6
46242 80711 4 81555 5
10181 80713 7 81246 33 82305 4 82830 6 84208 4
99775 143433 10
51033 81161 11 81180 4 81371 4
15645 137967 9
41928 81253 17 143097 7
15864 90936 5
120822 168625 6
51174 81373 4
11639 81596 4 152503 4 156547 7
48093 81599 7 170819 5 171431 5 174696 15 182862 7 186780 5 196233 7
48699 81638 4
27936 82002 11
4425 82163 19
112475 157663 8
75405 172784 5
79058 119177 11
52587 83187 5
99415 143041 10
84574 126176 12
53202 84002 226
10677 122317 23
126118 175399 12
46685 192478 5
53400 84304 4 86348 10 103829 5
48361 86278 6
6978 86378 6
43889 86314 4 86319 8 158405 7 167733 5 171033 4
16210 130102 4
81208 121881 5
55554 86862 11
35181 87335 7 87362 11 102494 6
37187 87441 4
55491 88945 4
80560 142492 6
107700 151853 14
52238 89872 4
48511 89813 7 140793 8
114248 159995 6
4473 90153 4
181828 239286 6
25138 106090 6
104304 147827 5
932 90862 4
58081 91235 5
26930 91396 21
8146 91444 5
35705 93874 12
63289 101177 9 97750 9 97784 4 117152 9 117397 6 154478 4
82180 123168 8
48915 93844 4 95787 4
60959 94741 6
58678 147373 6
38619 122945 4
89188 131714 10
58689 95613 6
61088 95648 4
51499 95836 22
74057 112834 4
61935 96062 7
61957 96041 5 104571 7 110922 4 135422 6
109473 153949 4
71080 107689 61
49056 97175 6
62869 97185 5
28065 98530 14
63406 98560 4
53420 98564 4
60318 98951 5
29289 98965 8 142403 5
7921 98969 5
44801 99332 8 102747 9 115202 8
64523 99342 6
63584 100782 13
24157 100907 5
33232 102100 15
93257 136747 7
63613 134123 9
67820 103194 6
20682 102373 17 102909 6
106610 150575 5
57348 102480 5
70730 107164 15
106482 150441 5
66299 102624 12
107913 158300 28
60131 102750 11
16020 103424 4
135618 187244 8
7568 103696 11 104566 5 131806 4
46482 103816 14
68592 104395 19
68536 104422 4 104567 12 105966 14
68798 104423 6
68765 104609 4 106268 9 106809 4 114825 6
63644 105380 14 116392 6 135228 5 140674 6 154153 12 168098 6 174092 33 177040 11
69186 105387 4
27711 105432 5
63436 108863 7
44324 106174 9
24084 106007 9
64280 106193 21
94296 138144 4
70268 106573 8
41558 106767 14
34084 108902 9
14734 106901 18 118651 6 129857 5 157917 20 229075 4
271 107195 5
14835 148568 10
66829 107476 8 127089 4 130408 14 134530 7 139304 7
68599 107590 6
47355 107559 7
103237 146412 9
86028 127871 5
86450 128385 5
120814 168618 6
63343 127784 4
69307 107952 4
71419 108926 4
63467 108350 6 114281 17 114738 9 115619 4 152714 9
14476 112947 6 127411 6 127642 28 131804 9 142283 6 143009 5 150214 7 164169 7 164936 5
72048 112956 9 116349 4 116734 6 118886 5 126849 9 126875 4 126998 22 128469 5 130022 4 130163 5 131353 6 133385 6 142572 24 143602 22 144216 15 160874 18
72091 112962 18 109153 4 111344 7 111494 4 115855 4 116383 5 132674 11 154667 8
62506 108895 10
91147 155093 7
10106 243139 4
48285 140758 4
72629 110783 7
72736 110909 5
91365 134427 10
57105 111274 5 114424 25 115184 4 117620 6 128923 8 129370 5 130162 8 203199 9
15642 133334 4
12971 156351 8 124053 11
72992 111352 7 121235 16 142307 5 143946 6 161830 4
15369 111639 18
71869 111478 10 146552 8 151828 9
76645 116258 10
53731 112169 8 154253 12
37015 112170 13
28164 232299 4
40835 112301 31
159727 216386 4
69621 112812 5 118460 9
153791 210157 4
54928 114940 6
104717 159592 4 153549 15 155389 5 163689 6 164548 9 166050 11 167085 6 167088 7 167493 10 168032 8 168342 17 168771 9 171339 8 171655 22 172559 8 173310 6 174047 9 174265 9 174750 5 175679 13 175953 9 177993 7 180477 11 182290 5 182419 11 183142 9 185141 8 189592 6 189625 4 191608 4 197962 5 202219 8 202728 7 205635 4 206824 12 207682 10 208439 8 214840 8 240334 7 221493 10 228982 5 228966 11 230826 5 231498 5 232951 10 233623 10 233897 5 234372 8 237514 9 237687 8 237698 7 237937 12 246455 6
34118 114507 11
69051 114559 5
69390 114586 5
21276 114669 9
67733 114913 5
41868 115839 8
86287 128183 5
75598 115345 9
37825 115925 5 235500 5
28954 116251 20
69210 116318 6
91499 134598 6
75651 116331 4
77451 117073 10 117331 6
105640 149487 9
72014 116725 5
38962 116876 10
70109 116633 4 117573 6 125192 5 142372 17
77196 116650 4
77561 117153 7
72965 117207 4
16418 118183 4
63011 120211 15 188232 7 211773 5
94881 141433 9
77582 118741 8
81624 122424 4
177211 234752 4
124624 181998 6
84804 130608 5
106901 150893 4
85946 127805 10
110427 155122 5
78208 121880 4
56050 121883 7 241657 4
64235 122584 21
165460 223124 8
108844 153198 4
26426 122929 8 153395 5 154068 5
173605 230987 4
42489 123667 9 124788 10
30199 124124 5
96 124205 6
82939 125277 4
43755 125280 5
83792 125980 4
83631 125909 4
33155 173884 9
45014 175130 5
6381 127320 5
21763 126855 4
113767 159288 6
82278 127335 5
39611 127542 7
92192 135413 6
131405 181867 13
46773 127616 4 127621 4 163879 25 167734 4 192530 7 236681 4 251036 5 252192 6 253170 6
66520 128353 4
26654 129709 8 143014 11
27509 155649 6
22823 129759 4
87103 129755 5
87463 129786 9
37655 129787 20
87535 129858 5
88357 130703 5
39345 130444 5
68931 130669 5 165913 6
110455 165663 7 163783 4 164047 9 166390 6 167038 7 168305 7 168803 5 168834 6 169373 6 170581 5 174695 9 178058 4 181597 6 193155 4 193779 4 196949 4 199538 7 208171 5 224207 4 224872 4 226807 4 226840 10 244348 11 247413 11 249613 5
87062 144559 8
88620 132158 6
89600 132200 4
90710 133601 17
90721 133620 5
91967 135138 7
90750 133652 4
109169 153556 5
91036 134017 4
52344 134064 9 134565 6 171515 6
46185 134529 23 139127 5 139359 5
22336 153172 6
101705 162386 4
57247 136388 7
93035 136480 11 138725 12 140757 7 153523 5
55596 134748 4 136701 6
91525 135033 8
51275 182337 5
92033 135456 11
77017 187008 5
92378 135658 19
111825 156850 9
92443 135832 8
125653 177383 4
91176 135818 4 135891 5
33170 135892 5 137914 5
92808 136249 4
98279 141744 4
86623 136735 19 162456 5
114900 160920 5
108002 152196 8
32943 202479 4
92819 138092 5 142141 4 142342 8
89077 138316 6
94431 138317 8
42350 138543 7
93925 139049 4
80530 138743 6 215066 4
57257 138801 10
37243 138943 4 139744 5
67974 139046 4
8846 140259 5
141122 193824 8
79823 139216 6
95190 139218 6
97829 141183 12
92056 140243 7
81761 139971 7
108470 152741 4
92376 140569 10
37203 140582 7
87591 140659 7
69328 140660 8
56307 140914 4 181596 4
107045 183670 14
97877 141243 8
113129 158491 4
97774 141495 6
101248 145191 4
143761 196796 10
67405 142338 4 142556 26 142970 5
85921 143038 4
99156 143295 6
91542 143604 4
98602 143866 5
69275 144098 6
52567 144237 4
93838 144596 4
101243 145188 6
70761 145206 6
60085 145673 4 146611 4 146994 5 147978 4 151466 4 155586 8 167711 4 171272 6 184292 6 193145 6 204356 6 206242 29 208494 4 215395 8 215701 10 225241 8 226842 5 227274 6 229788 4 233677 30 248619 6 251809 7
101627 145678 4
98571 146023 4 147001 4 148391 6 173368 6 181742 5 186602 18
103345 146545 4
86732 146751 9
75565 147496 4
99943 147113 9 150210 4 198514 8 200162 9 204598 6 212783 5
50765 147786 6 154044 6
88650 148153 4
104754 148396 4
104137 148397 23
69828 192309 4
104102 148446 12 234146 6
69240 149132 4
10438 159621 4
87965 150087 6 237756 6
38996 150162 5
32929 150319 11
158236 214632 8
133905 185006 15
137660 189752 22
95007 151694 6 156000 7 163877 11
73833 153423 5
109166 153550 5
101326 153741 4
64311 154294 7
41415 154297 21
3322 154348 10
109809 154357 5
46598 154549 11
76763 154843 5
130084 180434 12
92499 155220 5
111307 156222 6
38968 156009 4 165926 10 192393 8
110855 156002 13 156368 5
111064 156011 24
110893 156034 5
97841 156196 10
111414 156369 12
111303 157012 4
86614 157936 17
66196 158606 4
111890 158963 12
113569 159043 8
111811 159117 4 159236 4 161859 12 162235 4
95592 159246 6
87836 159485 5 175677 5 179515 16 185624 7 215493 5 223031 9 227290 10 231487 5 235229 10 238787 5
160808 220643 5
112361 160224 4 160346 13 164718 4 166154 5 166389 4 168901 5 177635 7 180203 4
88191 160358 5 177163 6
109234 160881 4
138498 190834 4
113038 160930 7
74024 161587 5
94051 161827 4
36812 162052 4
116365 163182 5 182863 4 190784 6
89400 163194 13 174155 6
117161 164056 4
35468 164262 7
99331 164390 4
118250 165252 4
116219 165446 4
35450 214036 9
116653 166028 12 173467 8 177530 4 189683 6 190080 4 196043 6 198480 10 200164 10 217657 8
118844 166037 6
60898 166206 7
90906 168686 4
11334 183265 17
109669 166943 4
28463 167459 4
135448 186989 9
117388 167498 4
116462 167710 14
15356 168236 5 176025 22 181604 8 205143 4 213381 8 215392 15 219941 4 252761 4
37395 168308 7
112254 222134 5
118907 169478 5
146320 199688 6
175455 233027 12
109144 170880 4
39083 171041 4 176674 21 176938 4 183986 13 184531 5 209559 12 237838 5 246871 11 250552 5
57632 171345 5
121211 171370 6
26103 171964 8
117459 172571 7
136372 188182 11
124448 173203 9 182279 5 183116 4 193143 15 196575 15 199500 4 228566 4 229145 4 230504 17 231243 13 250182 5
124645 173379 5
124660 173388 6
95107 173872 4 212799 7 245700 9 251037 13 253876 6
121101 173903 7
28330 174077 16
117038 174119 7
125411 174362 11
35641 175075 13
74176 175943 8
144307 197386 17
97765 177033 6 188236 5
83113 177117 6
127597 177408 4
131180 181908 4
143058 196039 4
125573 177806 4 185145 6 243141 5
77844 179508 4
73344 180009 7 213925 4
36498 180033 4
125545 180148 5
6621 193317 5
40938 182343 6
131855 182487 38
84227 214727 5
133188 184153 6
2512 184167 19
132645 184527 8 186342 8 188339 4
63284 184620 17 248588 5
6311 184775 6
108816 184880 7
132644 185282 7
132501 185688 4
105012 185665 5
135138 187130 5
98967 186639 5 186640 9 193142 5
126936 187098 12 188034 8 195940 18 195944 5 198171 6 203419 5 204539 6 204546 5 209107 11 212795 5 216423 7 216819 18 226841 12 228607 17 229282 6 228871 4 231863 6 235230 19 236680 13 236797 11 237318 5 245702 12 250398 4 251818 7 253886 28 253931 5
125494 187213 8
74105 187317 5
136264 188062 33
136284 188081 6
119929 188204 4
55719 188801 4
35503 189694 6
121114 189938 8 192390 4
151260 231323 6
112253 190074 5 204341 18 209548 14
122555 190175 317
138864 191278 9
3186 198715 4
146283 199651 5
8115 191458 10
147737 202333 4
32870 193162 4
6257 194133 4
141525 194413 4
23369 195130 7
38367 222720 4
108119 195767 6 195776 8 196222 5
142768 196455 9
192571 250507 4
143642 196667 4
25209 196935 14
150642 205823 4
127141 197145 4
140461 197566 10
22633 197939 4
53595 198537 4
145297 198539 5
162476 219587 4
116183 199933 13
72398 199995 4
125593 200304 4 210075 4
146778 200293 6
152712 208689 4
148784 230428 5
155153 212026 30
79569 205223 4
37801 204211 8
112699 204311 4
149630 204582 27 230332 8 242817 6
147667 204596 9
111607 208785 7 208496 8
51898 205031 6
149935 205193 5
46290 205741 6
44945 205791 5 206243 16 206488 4 208373 24 235470 4 241608 6
44642 206171 5
7895 206172 4 213938 4
37198 206427 4
38151 206493 4
68325 206878 22
10267 206883 4 221192 17
53747 207004 5
82422 207265 4
151996 209039 8
176527 234047 7
71701 208521 4
6141 209117 5 215099 19 226616 5 227293 7 230079 4 230503 15 231714 6 233436 4 233839 4 233859 13 233862 7 234308 9 237510 13 238717 14 241307 6 246659 7
140866 209406 5
153386 209603 7
123690 210250 4
15787 210866 5
147776 210868 5 212536 14 214758 4 215702 7 231238 11
154141 211361 17
112791 211702 4 237495 11
156492 212467 6
95991 212750 6
156749 213190 4
131487 213200 13
157096 213233 4
175260 233249 6
149341 214877 31
139178 243625 6
62605 215055 5
151544 215175 13 221202 4 224917 7 249842 5
133992 215600 13
169548 226541 55
160166 216930 9
161096 218066 6
154256 217454 7
161523 218875 5
163052 220325 9
53319 220348 7
109246 220514 6
38158 241881 9
163489 221532 4
158002 223395 5
137232 225300 5
144393 226797 10 227276 4 229786 4 231634 5 233611 7 233889 5 234305 9 235475 11 244758 6 245201 7 246748 9 246936 5 246957 8 248615 5 249474 11 250170 12 250576 5 252667 32
76939 226870 4
24505 229071 5
136353 230329 4 245198 5
99876 231002 4
48792 231272 4
66771 231580 8
145197 233645 6
42459 233856 12
177540 235086 6
134691 235178 4
170408 235420 4
91686 235422 4
145949 235467 7 242651 4
12916 237442 6
175189 238718 10 240548 15
179264 239316 12
145266 239319 24
181922 239402 7
183265 240597 8
176905 240523 4 254253 9
41851 240543 6
184428 242210 4
150107 242650 5 244759 4
152218 242926 5
186086 245152 16
135062 249438 8
187692 245804 5
112822 245985 5 248504 9 249469 5
185080 246025 4
68662 246376 9
6389 246806 7
121223 248506 8
184704 249527 4
10746 250574 4
186524 252242 12
195610 253917 30
195637 253946 7
178981 253926 4
