20 8 4 11 11 31 41 34 10 53 8 216 4 466 8
31 9 20 39 5
68 79 49 87 22 352 23 387 21 511 7 512 15 596 50 606 22 676 22
1385 3292 16
8063 16616 5
16 10 5 80 8 3116 17
49 238 14 84 9 441 8 354 7 1039 7 2323 5 2262 8 2347 11 2610 11 3096 8 4355 34 9018 7
4935 15081 9 15235 11 15085 12 14147 8 14177 14 14214 14 14255 67 14306 14 14308 40 14342 11 14381 42 14405 10 14478 28 14498 19 14506 7 14541 28 14696 39 14868 45 15044 8 15095 5 15128 13 15174 12 15303 6 15240 34 15369 13 15352 13 15451 17 15470 17 16588 28 16634 26 16701 104 16755 53 16989 43 17055 22 17090 20 17276 35 17375 27 17626 13 19101 44 19102 14 19174 12 19199 12 19231 21 19260 25 20546 48 20601 9 20846 29 20891 24 20900 9 20995 76 21029 13 21220 33 22712 10 22734 26 22859 37 23046 18 23267 11 23380 22 23382 15 23446 21 23511 19 23745 14 23775 17 24164 39 24260 20 25321 54 25347 37 25409 17 25635 87 25920 15 25919 15 26652 17 26715 32 26757 54 26833 18 26946 38 27590 4 27673 9 28053 46 28092 32 41696 224 41769 26 41898 8 42080 36 42178 160 42280 14 42301 47 42337 16 42428 11 42486 69 42589 14 42850 95 42950 54 43037 24 43120 58 43168 29 43245 9 43284 30 43364 56 43946 7 44067 21 45221 5 45613 90 46158 74 46163 143 46302 28 46756 28 46766 68 47128 67 47730 44 48819 5 49651 288 50234 7 50448 100 51205 97 53432 67 53439 31 53876 16 54132 83 54162 27 54368 46 55285 54 55448 10
120 356 16 146 13 138 12 148 46 646 16 142 7 135 10 528 32 788 11 140 5 141 9 163 51 358 15 153 11 173 22 329 4 493 4 239 16 244 48 439 24 310 4 420 21 474 16 473 6 467 17 486 10 488 19 494 8 498 5 527 7 514 8 515 9 526 29 629 17 603 6 718 5 729 7 780 14 797 5 820 6 836 7 841 10 843 11 891 6 902 12 953 17 967 12 999 6 1319 20 1078 8 1187 11 7742 9 1211 8 1258 10 1331 29 1409 10 1424 17 1423 12 1550 22 1709 6 1746 5 1771 4 1804 7 7934 4 1854 5 1883 5 1970 4 1971 16 2032 13 2028 13 8143 5 4482 4 2303 9 2289 14 2586 44 2583 6 2601 7 2636 17 2695 8 8321 5 2854 4 2893 6 3067 8 3191 9 3190 13 4339 74 4454 5 7992 7 5586 11 8144 14 5587 6 10920 14 8059 15 7338 7 7359 20 7365 4 7818 4 7972 9 8005 23 8085 16 8346 14 8414 6 8559 10 8708 15 9097 4 9105 7 9186 34 9274 6 9271 11 9682 12 9490 4 10631 24 9754 4 9766 15 9805 24 9879 6 9952 15 26192 12 10482 13 10623 11 10614 15 10643 9 10935 11 11177 5 11289 29 11674 4 11906 6 14346 6 12292 16 12451 4 12449 39 31013 5 14333 32 14359 27 14543 6 14757 15 15132 5 15090 11 15272 11 26977 4 15345 5 15393 11 15403 8 15568 4 30360 5 17100 5 17102 6 17268 4 17354 20 17567 5 19116 10 19353 4 21240 23 21286 5 21374 7 22706 4 22766 8 23040 12 23667 5 23701 27 23766 8 30698 4 23894 25 25348 7 25667 8 26169 8 26291 5 26399 8 26480 6 26532 7 26763 6 50758 4 27646 35 28646 7 28478 14 28592 5 28669 13 28867 8 28880 5 29069 5 30409 5 30422 4 30524 4 30690 5 30845 5 30943 94 32251 7 32270 23 32403 7 32423 6 32486 12 32489 6 32499 7 32655 4 32689 9 32787 5 32817 4 32837 10 32844 12 32949 7 33623 19 34038 11 34145 7 34555 6 34433 22 34532 13 34557 4 34581 5 34659 8 34937 17 34934 10 35167 8 35188 21 37897 5 36284 12 37432 5 37514 5 37559 6 37664 37 37752 9 37772 11 37943 5 39409 5 38181 4 38332 7 38404 9 38422 12 38667 4 38790 4 38789 4 38858 9 38828 18 39057 9 39172 5 39088 33 39154 9 39224 5 39278 20 39305 5 39311 11 39553 9 39578 12 39583 4 39651 10 39783 6 39794 12 39839 11 39862 32 39911 4 39930 11 39935 60 39962 12 39996 6 40013 5 40368 6 40424 10 40434 8 40608 4 40614 11 40870 12 41138 6 41180 12 41161 11 41672 5 41687 80 41887 9 41858 7 41948 4 42048 9 42099 5 42329 15 42600 6 42840 12 43191 5 43662 46 45921 5 51913 4 49265 12 50725 8 51332 4
26454 45195 15 43548 4 40641 9 49831 6 47767 4 43554 9 45286 8 40425 11 43478 11 45654 9 40999 14 48714 8 41553 14 39865 7 39863 10 41633 4 48967 5 41004 22 41833 7 41974 56 43150 38 43846 12 43772 34 44068 33 44126 14 44148 41 45324 47 45402 40 45513 18 45540 7 45771 35 46162 6 46201 4 46261 15 46394 27 46423 64 46451 19 46546 98 46625 12 46680 5 47056 23 47166 47 47240 51 47408 105 49708 4 47637 45 47909 15 48247 51 48817 8 48870 125 49170 21 49388 70 49499 10 50550 4 50928 5 51226 8 51288 23 51367 37 51434 124 51509 6 51633 16 51887 9 51975 19 52116 8 52208 12 52254 21 52336 11 52462 16 52579 16 52626 40 52641 17 52673 5 52690 14 53381 13 53761 13 53957 37 54012 10 54117 9 54131 12 54166 13 54208 7 54387 5 54535 42 54627 54 54698 4 54991 68 55214 73 55288 11
18 19 36 164 9
5 20 14 30 16 242 14
103 117 6 115 7 165 29 182 17 228 30 241 6 393 10 406 14 463 8 465 7 516 6 589 6 591 15 752 6 794 9 870 7 1192 8 1522 12 8312 8 8819 7 9762 9 10940 4
577 1310 12
2917 10359 7 10358 4 11467 14 10369 14 21124 8 10851 18 11022 5 11328 15 12193 4 23263 4 28389 7
8 32 10
54 50 11 100 26
62 69 44 162 17 226 23 845 18
35 42 89 74 26
43 130 13 125 19 156 14 166 5 394 37 176 7 295 51 299 10 370 78 367 9 383 6 453 29 675 16 711 10 710 21 734 22 753 4 792 21 814 33 830 30 839 14 850 16 1518 13 1587 16
90 423 12 392 19 391 30 237 9 772 15 483 14 304 11 476 6 500 50 529 4 530 15 823 11 822 8 837 9 1430 10 1431 5
1722 6142 9
4404 12411 7 12543 4 12412 9 12431 6 12405 11 12439 31 12506 4 23619 47
135 260 19 2043 11
850 1945 13 1946 13
85 181 12 256 7 224 13 225 5 355 47 363 5 382 36 462 15 523 5 496 20 495 5 638 8 637 6 598 8 605 12 623 16 643 5 739 5 738 33 736 7 735 10 748 18 790 9 791 7 807 16 995 5 994 19 1146 26 1147 11 1542 6 1551 4 2011 5 2044 4 2767 4 6255 14 7815 14
510 1128 14
63 56 24 10462 5 573 33 574 7 682 18 733 6 816 7 861 11 864 9 874 6 1159 16 11514 6 2656 4 10474 5 10897 6 11242 25 10416 30 9888 4 9930 10 10075 9 10449 6 10480 11 10634 26 10765 9 10965 5 10987 21 11021 9 11308 21 11433 18 11492 8 11655 5
104 114 9 233 10 451 18
13 150 8 147 5 296 8 297 10 341 8 966 7 1051 17 1376 4 1532 7 1658 4 2365 13 2198 5 2542 8 2684 4
771 1706 14 1776 6 2080 10 1708 11 1724 14 10378 18 11011 9 2419 7 11836 4 10465 6 1723 5 2076 7 1775 5 1823 20 1797 5 1695 19 2175 15 1760 31 1801 34 1871 15 1930 8 1938 7 1961 18 2010 10 2059 20 2075 9 2098 9 2106 14 2134 45 2163 8 2244 18 2266 30 2284 4 2402 9 2463 17 2490 10 2544 12 2546 15 2551 10 2576 31 2619 10 2616 5 2637 35 2687 5 2727 20 2739 11 2765 18 2835 12 2843 8 2842 6 2875 5 3014 5 3071 5 3081 6 3103 21 15305 16 3192 8 3212 6 3233 6 3283 5 4327 4 4326 7 4338 23 4386 10 4430 23 5523 33 5538 7 5573 10 5582 13 5595 4 5598 4 5748 18 5806 25 6113 6 6248 11 6252 9 7444 11 7642 4 7774 8 7819 5 7886 7 7857 12 7908 7 7962 8 7970 6 7977 7 8123 6 8176 5 8332 7 8358 47 8566 9 8766 4 8901 16 8896 11 9109 15 9519 8 9563 70 9836 18 9967 12 10060 33 10286 22 10422 22 10451 4 10597 26 10977 6 11160 15 11349 17 11432 36 11709 7 11793 8 11994 21 12028 5 12091 8 12966 41 13063 15 14148 4 14499 6 14668 4 14747 6 15004 4 15300 4 16638 12 16784 24 16790 10 17149 4 17193 9 17349 19 17350 17 19128 4 20732 12 20892 5 20912 4 21069 7 21202 10 21223 7 21280 14 22713 7 22772 23 22843 13 22973 27 23387 11 23558 10 23605 7 23842 23 23865 4 24029 6 25479 7 25836 25 25880 10 26123 17 26527 4 26844 36 26931 14 27423 18 27530 5 27787 13 27839 12 28051 27 28235 18 28584 7 28582 14 28710 35 28814 5 28850 48 29010 26 29016 4 30391 11 30529 7 30863 20 31131 13 32422 15 32472 10 32580 7 32895 140 32947 9 33108 7 33285 5 33615 4 33748 6 34422 11 34940 11 35187 18 35643 123 35648 18 36148 9 36253 76 37443 5 38192 32 38270 4 38598 18 38607 18 39513 7 39623 8 39888 10 40248 7 40363 15 42485 9 43167 12 43405 7 45472 56 46358 12 47058 64 47112 16 47251 11 47522 35 47892 22 48058 17 48537 10 48966 5 49231 10 50206 27 50223 12 50504 54 50883 9 51233 57 51281 4 51569 4 52269 22 52630 26 52648 10 52740 13 52742 70 52924 12 52982 49 53625 22 54122 45 54980 46
1020 2503 58 5638 11 2433 36 2494 13 2562 7 2566 59 2611 9 3182 20 21391 16
3207 10861 4
3353 11120 9 17458 5 11118 25 17459 6 11134 5 11304 12 11099 6 11767 25 17605 11 19417 15 20521 12 20705 30 20740 9 20758 5 21089 23 21291 7 21570 4 22667 8 22781 8 23030 37 23268 8 23313 47 23388 6 23590 11 23645 17 23767 4 23917 14 25369 29 25569 9 26094 8 26201 13 26599 8 26665 9 26766 5 26947 17 26959 4 27274 6 27403 5 27815 9 28258 19 28296 5 28525 8 28588 4 28581 34 28614 10 28751 5 30460 10 30480 11 33174 5 30687 7 32698 16 32864 6 33546 4 33566 5 33945 5 34177 4 34206 6 34559 9 34936 9 35686 20 35887 5 36116 4 37534 5 37859 5 38196 6 38242 4 39400 5 40115 4 40499 4 40784 11 41061 9 42669 11 43188 5 43676 5 43739 25 44164 4 45852 7 45964 5 47291 6 47922 6 47994 15 48524 46 49802 4 50280 8 50373 4 50507 16 51224 5 51248 10 51849 11 52473 58 52684 6 52756 29
72 67 7 236 4
46 70 42
4444 12456 7
88 105 10 362 7 421 6 418 26 440 9 448 18 504 8 1304 23
66 83 67 98 63
55 86 132
91 106 44 307 13 368 32 478 15 517 41 532 49 1019 24 1002 8 1580 21
97 109 19 111 5
26 113 10 1610 12
375 871 18 963 5
732 1595 17 1597 8 1598 8 1842 24 2035 13
841 1896 6
1113 2621 7
2283 11607 12 12547 8 11436 6 23111 8 9941 25 20679 7 54616 4 10859 5 12277 4 11059 6 8637 8 9770 13 9778 18 9855 12 9854 33 9911 11 10093 12 10214 4 10336 32 10335 5 10459 5 10495 6 10768 5 10867 18 10959 10 11174 12 11019 15 11057 10 11063 24 11159 9 11181 13 11419 8 11438 26 11455 7 11810 9 11888 5 11884 8 12032 7 12066 12 12259 8 12464 9 12517 6 12562 5 12555 14 12737 11 15259 16 16575 8 16589 8 19037 4 19345 4 20741 9 20776 14 20922 5 21095 13 22790 9 23336 8 23771 5 26186 4 26199 4 27383 14 29196 38 30684 6 32588 5 30846 7 32496 9 33220 31 33715 18 42967 6 37771 106 39692 26 47874 4 40775 18 42502 24 43075 4 43434 54 45883 7 46611 5 46835 122 46948 10 47012 35 47111 18 47282 5 47838 10 47931 10 48196 20 48245 55 48859 32 48866 28 48890 35 48960 6 49074 24 49247 44 50216 38 50551 4 51532 4 52458 7 53591 4 53680 7 53756 7 54051 69 54086 37 54329 7 54367 15 54548 69 54840 22 55129 55 55216 21
4310 12317 15
4624 12695 6 24080 4 26037 7
5004 14244 8
5144 14377 4
5142 14395 9 14406 5 14396 14
6633 15005 9 15342 21
8898 17791 9
9964 18888 22
17535 28788 5 28738 4 28863 8
84 99 20 10936 24 12275 13
504 1450 8 1471 16
6605 14975 7
128 188 7 187 7
57 254 14
8393 17014 5
466 1082 4 4329 4 1538 12 1176 11 1436 5 1303 4 1153 10 1152 4 1124 7 1092 5 1091 5 1510 12 1582 11 1702 5 1853 38 1880 6 2029 4 14937 4 2464 10 2465 4 2826 22 3194 4 4341 22 7747 11 4505 24 5658 5 5673 30 5750 11 6039 13 6136 23 6133 15 7568 4 8132 15 25535 5 8190 4 30281 12 9039 14 8765 4 9033 24 9249 6 9261 21 9289 12 9646 13 9809 12 9824 5 9869 4 10939 47 12494 6 40031 4 15001 4 15019 4 15024 15 16879 6 17006 5 17353 28 17376 4 17377 5 17570 5 17627 4 19418 6 23563 16 25356 14 34801 7 28159 20 32633 26 32648 15 32707 8 32799 10 32806 7 33247 7 34813 6
892 2208 14 22834 8 2744 6 2418 4 2269 20 2348 13 2408 37 2472 8 2579 10 2740 5 2786 6 3232 9 4325 9 4463 20 4417 8 5678 7 6166 13 7544 8 7637 24 8055 5 8769 16 10366 11 15180 8 11288 15 15066 28 15278 37 15541 11 23641 12 26723 9 26873 12
3453 11294 8 12249 5
115 131 15 185 4 331 10 336 37 345 9 371 15
118 136 5 132 21
131 204 8
1511 5559 5
71 103 11 223 72 501 47 277 18 489 85 505 20 566 6 2097 10 9696 15
125 180 16 246 41 253 13 255 22
204 583 7 582 4
96 220 19 26172 7 39731 107 52686 89
26786 53362 5 53179 8 49576 6 52941 8 51779 6 45529 4 52342 7 41317 27 45295 5 42427 33 42498 9 42588 14 43412 10 43667 7 43930 8 43968 16 45479 4 45539 9 46129 8 47109 8 47205 49 47242 39 47266 7 47463 4 47798 8 47817 9 47845 6 47920 4 47938 15 48391 35 48536 25 48700 4 48901 5 49114 38 49154 26 49390 44 49396 13 49446 24 49691 7 49753 16 49842 4 49756 6 49890 11 50278 23 50726 5 50886 4 51025 16 51235 13 51254 6 51327 37 51403 14 51499 30 51623 29 51888 10 52120 5 52491 9 52582 4 52675 4 52685 4 52763 7 52998 11 53032 21 53151 24 53225 10 53384 4 53460 4 53440 7 53800 28 53884 21 54146 4 54128 10 54163 33 54274 16 54275 23 54331 42 54357 8 54369 14 54440 8 54472 44 54649 5 54808 25 54994 21 55354 7
906 7558 14 2148 6 7572 5
6568 14922 5 14915 12
12773 23287 6
4277 37890 8 37917 8 41707 21
332 847 17 803 6 802 11 806 12 809 12 821 11 840 33 869 17 909 18 985 16 998 34 1035 26 1122 21 1033 28 1075 25 1086 10 1088 27 1277 9 1407 6 1501 22 2679 26 6120 5 5632 4 5749 11 5778 4 6050 5 6165 4 7404 21 7940 8 8546 11 8560 6 8988 21 9170 6 14490 5 34347 11
351 851 14
8341 19003 8 24023 6 23906 4 17625 5 17678 7 17126 5 19382 4 19023 16 19227 6 23128 5 18962 4 20835 22 17658 5 17291 9 17061 44 17066 17 19244 7 17568 7 19135 27 19182 9 19259 18 19313 12 19361 30 19394 18 20457 35 20605 120 20703 21 21145 18 23333 11 23412 13 23449 14 23474 14 23559 20 23642 4 23658 7 23813 23 23843 24
89 1513 5 1297 40 1521 14
3559 25425 7 12369 6 11874 5 11873 6 12187 15 21313 5 27841 8 31118 5 39882 20
22 194 7 385 11
124 209 7
480 1089 9
4615 19294 6 20595 7 17740 6 27254 5 19282 12 12687 17 18915 7 15336 139 18985 6 18973 23 17830 15 19083 17 36319 17 19330 45 19397 7 23891 28 23925 50 24033 57 24055 16 25746 5 25566 26 26185 14 26290 33 26424 4 26483 83 27361 35 27418 95 27610 24 27672 5 28215 14 28234 6 28274 6 28449 43 28472 21 28470 13 28562 20 28637 8 28598 13 28667 12 30248 29 30388 215 30396 7 30718 4 32393 4 32570 121 32938 13 33106 24 33171 29 33484 144 33706 10 33722 174 34250 9 34370 17 34614 17 36130 20 36353 44 37427 16 37776 54 38599 25 38730 7 38849 79 39813 22 40046 4 40141 9 40251 4 40387 6 41250 178 42575 8 45232 83 45510 9 45966 8 46087 11 46555 25 46904 56 47005 10 47119 130 47170 18 47411 34 47777 8 47966 7 49298 5 50371 10 54389 14
22205 33721 9
1569 5696 9 6215 9 5775 8 5811 4 5714 4 5809 6 5812 6 5803 30 5950 4 7868 12 6075 6 34020 4 5870 6 6040 11 6049 8 6067 15 6146 6 6257 5 7309 7 7373 18 7376 9 7520 6 7523 16 7860 5 7902 5 10896 11 8519 11 8626 13 8827 11 8872 8 9185 15 9253 22 9273 24 9830 6 10063 17 10312 40 10923 15 12527 5 15471 6 16644 7 16656 11 33781 4 17396 18 19075 5 20695 8 21381 4 27795 6 32818 7 34531 11 35189 8 39657 92
158 411 8 409 15
114 416 4 414 22 431 13 464 17 716 30 701 30 956 11 983 22 1355 14 2599 9 2205 26 4343 6 5838 17
546 1378 6
1005 2380 8
106 257 9 7669 10 9258 95 9567 9 9764 15 9788 10 9814 84 10294 16 15560 7 17371 9 17461 7 22765 6
527 9901 13 24297 6
1074 2753 12 2531 4 2824 15 7631 23 7867 10 9773 60 11216 22
2395 8999 11 9219 9 9172 10 9008 12 9021 4 9011 10 9237 13 9329 10 9466 11 9640 9 23337 6
180 762 5 575 28 665 30
13274 27276 5 26892 9 27160 52 38089 4 30858 9 33555 6
11883 43550 8 43104 4 30576 6 31099 27 38982 19 39050 89 39217 15 39233 8 39327 8 39337 5 39552 23 39571 8 39570 8 39749 11 40435 7 40839 6 40874 27 41082 6 41316 15 44048 9 43285 5 44147 25 45237 139 45768 40 45894 6 45912 46 45929 21 46155 26 46395 11 46543 99 51728 53 51857 6 51959 37 52098 30 52117 4 52452 64 52459 4 52638 22 52705 11 52778 11 53147 23 54626 62 54809 13
2673 9743 5
2270 9797 19
8104 16731 7 52781 8
5179 14414 13 14687 30 14536 23 14416 14 19303 16 36205 4
512 1250 21 1333 39 1247 8 1261 36 1334 36
2422 9138 8 9579 8 9029 6 9225 5 9507 17 11720 39 12095 20 12125 10
380 2236 4 890 6 1984 5 2008 9 3059 14 6195 4
1212 8053 7
412 924 9 1034 11 1042 23 1348 11 1477 80 1530 7 1554 7 1721 17 1985 9 2561 9 2919 4 3218 7 5768 12
182 544 30 539 7 554 23
1401 5717 4 33014 6 8195 13 5937 6 15265 11 8949 5 5979 5 5935 4 27150 4 3308 5 4344 21 4380 7 4414 9 5529 22 5581 5 5839 6 7905 12 6251 4 7460 27 7602 5 7804 6 7817 8 8261 4 9710 17 8349 4 8764 9 8770 10 9026 34 9094 23 9807 5 10450 21 10872 8 11006 12 11024 5 11085 4 11071 7 11944 6 12056 12 12258 10 12257 4 12387 10 12482 4 12515 5 12570 4 12785 10 12863 8 12970 8 13060 8 13062 8 14332 74 14479 17 14552 4 14558 4 16661 14 16713 11 17146 4 17511 7 19444 4 21360 4 23127 9 23381 11 28559 4 28804 4 31129 5 32453 5 32471 13 32672 17 32686 8 32736 17 32781 6 33876 13 33910 40 34033 6 34080 6 37726 6 37883 13 38034 8 39259 6 39437 5 39734 17 39791 37 39832 22 39928 94 40070 5 42291 6 43557 11 45913 28 46426 19 46583 6 47448 4 48390 6 48698 7 48968 13 51557 5 54108 10 54209 4
78 424 10
25553 42591 6 43678 5
64 426 10
143 556 10
2423 9891 7 9812 15 12229 18
112 534 6 2342 12 2535 15
3008 10519 4 10530 17 10862 15 11345 4 11045 5 11330 10 12160 24 14650 4
713 1557 26
105 499 7 856 5 1594 15
11447 20569 4
521 1672 6 1673 8 1755 6
169 536 7
566 1438 9 1220 7 1285 4 1648 4 5733 17 6214 8 7287 15 26676 8 26985 11 39272 4
12376 22776 9
12110 22784 7 23815 5 29054 4 35848 9
8193 22804 11 23199 7 21314 12 50447 9
21290 33083 7
15901 34168 4 54300 5 34090 4 34619 5 34890 9 49013 6 51522 8 52489 4 55294 7
1420 42902 5 4347 9 38246 31 49275 7 52483 4
1217 3231 15 3262 26 3274 26 3162 7 3171 28 8344 30 11462 11
16878 32202 5 28709 14 29015 7 30462 41 31048 4 31130 8 32445 42 32843 17 33219 4 47523 7 50652 29 50748 8 50813 5
195 558 5 557 7
74 1054 19
185 545 28
218 608 49
223 621 12
199 569 4
16237 35406 7 34420 43 35640 22 36343 5 40758 6 46903 18 51725 34 54226 8 54288 9 54983 8 55289 28
622 2467 5 2079 20 2866 20
2845 10349 8 10344 10
184 595 10 3017 5 46198 4
187 628 15 12566 18 20742 4 34086 8
171 645 14 988 10
742 1622 43 1627 9 1626 9 1710 13 1719 11 1739 6 1742 43 1874 10 2085 5 2092 6 8796 28
1883 7707 9 7646 34
12543 22985 7
8049 16607 5
3710 23800 4 14531 5 17383 6 19143 4 43556 14
1436 7442 15 5976 6 6137 13 6143 16 6122 14 6132 11 7311 8 7394 30
24858 42776 8 39501 6 41374 8 39475 10 40110 14 39339 4 39136 12 37900 10 37884 41 37934 5 37959 51 38159 44 38190 74 38222 80 38301 38 38326 31 38359 7 38419 33 38525 5 38538 8 38605 9 38769 6 38819 18 38825 7 38994 59 39054 9 39129 4 39153 6 39198 33 39227 17 39276 61 39302 4 39326 40 39336 9 39382 45 39755 26 39792 6 39812 4 39830 24 39852 9 39876 7 39912 32 39929 24 39938 98 40006 18 40134 8 40252 5 40270 60 40361 5 40402 8 40422 34 40503 96 40719 37 40737 5 40795 15 40842 17 40989 19 41225 51 41251 19 41473 6 41623 13 41655 22 41679 6 41685 21 41852 44 41859 7 41865 19 41946 13 42081 9 42179 67 43076 36 43116 16 45772 28 46559 7 47509 7 47921 6 48055 30 48240 19 48372 39 48721 14 48762 10 48790 10 48899 10 49075 22 49113 25 49245 158 49566 16 49803 10 50806 4 50960 40 51808 31 51984 52 52214 15 52253 13 52337 6 52450 25 52463 19 52493 8 52522 146 52674 12 52929 20 53909 33 54013 5 54378 4 55353 16
1761 6249 7
579 1972 5 1300 15 1509 9 1549 12 2279 14 2328 10 1777 16 2320 4 2477 9 2593 27 4389 12 4411 42 6232 7 8205 9 14611 35 15047 4 26282 4
1396 9627 9 14382 5 38565 5 33542 4 37479 9 38057 19
53 782 13 7310 19
4346 24173 4 19185 8 12746 5 21066 5 15251 5 24182 11 14966 24 21012 8 12745 19 15494 10 22936 8 12343 6 12373 7 12610 5 12707 4 12770 19 12824 5 12904 4 12996 8 13094 4 14128 10 14307 9 14357 7 14403 4 14426 6 14494 5 14585 6 14756 5 14996 18 15171 5 15490 25 15505 13 15565 14 16708 8 16739 4 16754 25 16854 11 16999 19 17179 5 17191 7 17213 5 20800 9 17352 8 17378 21 17422 27 17454 4 17789 10 19230 9 19312 7 19329 12 19363 10 19439 7 19443 8 20609 13 20689 13 20710 4 20761 4 20771 11 20885 5 20994 7 21234 5 21449 6 21503 17 22793 7 22802 5 22890 6 23396 18 23394 7 23414 7 23514 5 23591 7 23627 25 23694 10 23700 9 23988 10 25394 45 25842 8 25868 19 25908 5 25927 19 26112 10 26200 20 26728 13 26737 12 26815 14 26832 7 26841 22 26917 29 26927 7 26953 8 26982 7 26993 7 27057 6 27094 9 27385 32 27589 4 28259 12 28349 66 28739 4 28613 5 28607 31 28707 12 28744 7 28793 4
130 865 17
675 1470 8
168 764 17
4086 19364 4 17433 13 23473 12 23681 20 30638 5 31136 8 34575 30 34994 9 35352 26 47121 6 50650 11 52520 41 52789 6
4584 12753 30 12748 5 12752 6 12717 13 23555 29
12641 28972 4 25556 7 25313 5 29046 4 26077 5 28252 6 29017 10
6489 17507 11 26849 6 17760 9 17607 14 17380 6 19393 7 22889 4 23060 23 25346 5 26481 10 26601 16 26654 18 26829 21 30578 9 32458 5 33420 16 33554 9 34246 27 34378 7 35770 27 37871 33 38044 6 38054 5 38345 14 39347 16 39753 8 39950 31 40254 9 40611 51 40812 12 49212 6 51537 8 51572 70 52794 43 53581 28
23314 35076 5
982 2316 7
272 852 8
353 854 9
486 1099 7
148 1115 7 8895 11 9317 5
876 18931 4 2104 7 2202 6 3019 6 2352 17 2457 4 2547 7 2567 5 2770 12 2772 4 2999 12 3016 20 5779 37 6183 4 6258 5 7364 7 7384 5 7421 8 7533 4 8248 4 8265 4 8340 45 8562 13 8762 6 8883 14 8956 8 10078 4 11421 6 11721 6 12103 7 13074 6 15026 4 15379 5 17432 7 19284 22 48867 15 49251 11 50276 17
426 975 20
1324 3175 4
3202 27306 4 17237 9 23481 6 53252 5 46355 4 54123 5
1008 2387 4
65 895 14 1121 49 2538 27 5625 27
1110 5646 12 5663 9 5867 14 7658 5 7888 37 8298 9 9705 11
323 932 4
19392 34921 4 32272 5 32299 6 34339 32 34943 9 37433 6 38173 6 53446 10 53919 11
386 980 6 979 46 1084 8 1941 5 3099 44 3243 12 4379 19 4425 61 6246 9 9023 11 9467 7 9670 33 19335 23 38681 30
17660 28934 4
447 1023 10
1857 7639 7 7750 12 7659 8 8597 4 7643 4 7854 5 7863 5 7963 8 8056 8 8142 15 8133 46 8163 8 8168 10 8188 8
1933 7879 7
445 1018 13
524 1157 9
25349 38426 6
659 1442 25 1444 9 1452 8 13098 7
10058 54143 6 32924 13 46556 13 54551 27
517 1144 4 1140 7 1164 8 1193 16 1224 4 1269 9 11865 15 12075 9 12073 36
561 1322 13 1237 13 1283 8
532 1165 28
1600 5859 4 5792 7 5795 7
25614 42020 7 38716 5 41942 4 40371 13 41667 4 41809 6 42572 5 43615 5 43687 7 45239 24 45854 17 53949 19
1369 3279 5
1229 3092 6 3079 5
470 1151 16 1166 4 19020 5
531 1177 5
724 1577 9 7893 6 9683 14 9438 13 40742 16
570 1226 4
58 1260 12 1360 18 1962 7 12306 42
592 1267 10
967 2293 10
1571 5682 8
36090 50485 12 50520 4
580 1332 8
1504 5550 17 16983 5
1870 7578 6
526 1347 21
4225 15093 7 12395 5 12612 10 12679 10 12682 4 12856 4 14126 4 14134 4 14907 5 15145 6 15545 4 17235 19 16991 27 18852 4 19048 16 19360 6 20602 4 21319 5 23334 17 33943 11 34633 10 37446 10 39750 13 42668 13 44162 4 48820 4 50884 11
17519 28721 8
11828 21049 4
11813 21071 4
664 1443 8
669 1446 14 36270 5
3683 39021 8 35795 4 43948 4 41819 5 46496 4 55291 6
1049 2498 7
3957 24295 9 14496 4 22980 6 25368 21 40114 15 46409 4 47090 6
3571 11503 6
668 1512 5
3116 16850 5 12156 17 25421 7 14230 9 11368 6 19139 7 17082 4 11430 4 12380 4 12980 8 14538 5 13086 4 14340 7 14581 13 14692 5 14708 11 14873 4 14898 4 15018 21 15088 8 15096 6 15559 40 16775 6 17219 5 17513 7 17524 25 17829 21 20812 5 20884 9 21290 19 22810 6 23261 11 23562 7 23628 12 24028 6 24043 6 25483 7 26866 12 26919 10 26918 19 27046 5
4078 16855 9 16847 5
588 1504 7 1541 4 1581 30 1647 4 1870 16 1882 12 2031 10 2051 11 2071 30 2115 23 2147 4 2224 12 2235 20 2248 10 2258 8 2261 17 2278 9 2349 6 2424 10 2462 4
739 5815 34 4322 19 5537 20 5596 8 5599 70 5660 9 5866 20 5896 4 5931 19 6005 6 6225 18 7267 45 8286 22 9014 6 9547 9 10757 6 10856 11 12010 25 12040 5 12736 10 14469 27 20745 26
1594 5816 10
19449 30861 4
686 1519 10
565 1562 16 2256 6 2607 5 4370 4
15491 26590 4
507 1663 16 1662 8
2606 9585 5
1170 2728 5 2757 67
785 2183 9 2111 10 2283 33
780 1725 23
778 1714 7
3583 11513 6
790 1757 9 1770 6
791 1761 12 27168 4
13135 23801 4
1196 3119 27 2813 20 3088 6 7466 38
756 1830 29
1285 3084 4
879 2112 7
246 1836 11 1980 17 2673 19 2881 31 6048 14 7529 10 7528 9 8020 4 8169 6 9787 18 10481 25 10700 18 13029 35 14341 4 17373 9 24125 8 33041 9
1823 7954 7 7486 38 8410 6 8865 17 8871 15 8890 14 9158 9 11039 7 11742 6 11993 7 12084 27 12461 11 12964 28 14684 4 19144 4 23311 13 47301 4 49337 6 49386 16 52392 16 53948 27 54570 49 55392 7
4989 14210 4
4089 14226 6 12298 24 12565 6 17186 13 17498 7
6936 15434 8
1018 2422 12 2896 14 3252 10 8198 8
21849 35453 5 34374 4 35871 4 37833 8 38248 9 38489 8 42444 5 42445 4 42062 5 42084 4 42631 5 43132 4 43301 6 43454 14 45918 8 46195 11 46513 5 47021 7 47594 23 48377 6 48546 15 50917 4 51026 6 52646 13 52768 16 53651 6 53870 6 54227 53 54632 4
2587 9535 4
2834 10138 4
853 1982 5 2015 8
837 2055 9 2057 39 2099 12 2135 11 2186 9
881 2061 7
883 2063 7
953 2264 8
956 2265 4
836 2006 15
869 2019 97
3891 11885 5
15291 26278 8
890 2088 8
1400 3306 23
358 11256 5
995 2346 8
5196 14434 8
2196 23209 6
4374 38653 8 16781 10 25408 16 30384 37 32229 6 41699 7 37937 6 41656 32 42323 61 47839 17 48387 5 49754 28 51566 7 52519 43 53243 5 54100 89 54256 82
1078 2570 5
1336 3210 7
1377 5526 4 5577 14 5662 8 10550 7
893 2108 27 30995 4
913 2171 4
921 2189 9 14548 7
695 2203 6
770 2219 7 3189 19 7878 7 15074 28
3095 10683 4
1811 7401 12
8438 26119 5 20659 4 17175 4 17362 8 17421 48 17527 30 19286 49 26697 10 26861 18 32896 18 32979 14 40844 35 42121 5 43476 6 47728 7 54120 4
1164 2720 28
10142 19131 6
2350 9598 5 9306 13 9187 4 8824 5 9222 14 9474 12 9820 5 12309 34 42338 6 45849 9
2461 9602 7 9458 11 9522 10 9674 27 9704 19 17280 4 33933 11
976 2340 9 2844 8
845 2403 30 2549 25 2580 33 8356 22
8139 22785 25 50456 31
13055 23678 14
961 2471 19 2689 67 2787 20 2838 26 8797 40 10317 26
12432 22852 5
576 2479 12
3396 11605 4
2848 15213 6 14513 6 36257 11 51402 49
3260 11128 6 17002 8
1817 28838 5 22968 12 46013 6 43939 4 44151 5
16773 28854 4 28469 22 30465 15 33104 42 33143 51 33747 15 43400 4
1614 5847 5 5845 10 5863 13
438 2565 41 2874 11
1091 2572 11
536 2573 29
1096 2587 14
8099 17004 18
3619 11553 23
11533 20650 4
950 2674 13
2830 10301 5 10529 11 10215 12 10274 12 10410 11 10413 10 10421 4 10460 5 10476 13 15562 12 16650 9 16877 15
1636 5970 5 5947 7 5938 7 6185 15 6253 9 7284 5
3186 10827 89
4876 12985 26
1127 2718 12 2895 13 5680 14 8912 4 12618 5 14839 4 12903 21
2732 10048 11 10033 26 26525 5 32269 27 45471 57 50914 4
1121 2771 24
29667 54039 6 43991 18
102 2763 9
618 7726 5
2121 9632 10 8435 18 9107 11 9729 6 9939 22
1503 5549 4
19407 33703 6 34005 9 33619 5 33704 11 33683 18 33710 15 33939 4 34022 14 34072 4 34235 44 34245 9 34819 8 35507 18 35528 7 35647 20 36115 11 36168 25 36213 31 37415 15 37418 9 37423 27 37784 34 37922 4 38403 10 38848 9 39216 35 39600 73 40362 28 42829 45 47471 10 47826 13 47908 4 49067 13 49522 171 51247 24 51985 14 54183 6 54957 60
1126 2888 4
3675 17319 5 16918 17 16932 4
4682 12782 6 12781 6 28689 16 12774 38 33678 6
1290 3101 16 8097 12 11747 5
943 3069 5 3082 12 3095 34 3282 7 5939 14 7816 15 7938 24 7971 29 8086 7
2417 9003 14
1198 3112 11
1955 7820 15
13359 33992 5 26655 6 32273 4 25918 5 26417 5 26416 5 32302 4 33810 14 39652 62 41994 12 42951 24 43439 11 46176 21 46439 16 50655 10
1573 7871 14 7892 9
5088 14348 8 14327 14
22801 34395 5
36856 51364 9
682 3228 10
1351 3235 23
2872 10707 4 10515 16 10727 13 11347 10 11440 17 12038 13 12129 26 12619 6 15249 11 19321 12
2446 9153 24
3785 11783 12
4182 33356 10 12170 5 26998 9 33494 47 42942 13 43043 14 47089 20 47171 10
1462 4460 15 27279 19 29198 82
2983 10441 13
22908 34541 4
3821 11825 7
3696 11931 5
4052 12081 15
27029 40369 7
740 4441 6
19381 30766 7
1493 34608 5
1288 5555 13
12204 21510 7
1633 5911 39 6114 4 6107 7 6117 20 6188 7 6186 31 6241 8 7493 12 7564 6 7858 7 8023 18 8047 5 8060 10 8164 4 8174 16 8373 6 8405 19 8441 15 17720 28
1387 8167 9 6079 16 7276 8 7366 20 7413 7 7488 9 7526 11 7619 7 8025 16 8135 6 8091 12 8134 8 8179 7 8229 20 8236 13 8247 20 8684 21 8818 4 11886 12 12114 10
2616 9614 16
4189 12148 10
8451 19105 8 52943 6 25370 10 25913 16 26853 17 28465 5 33468 4 34298 5 35339 24 38757 4 41704 45 49336 7
1006 8221 11
3242 10902 4
3584 11515 18
11764 20974 4
18897 30202 9
1624 5869 6
17208 28320 9
1438 8241 13
1632 5916 7 8307 5 10342 11 18972 4
1545 5917 9
1629 5944 8
1599 5953 4 23822 11
2404 8987 30
690 6081 14
13517 28505 9
16562 28507 11 43244 12 45220 5 50511 57
4591 12650 8
4542 12652 20 12755 30 12620 8
1979 9840 24 9511 5 14625 8 9509 28 9272 37 9570 73 9763 16 12246 6 10613 13 10640 12 11005 6 11072 15 11073 7 11180 15 11838 7 12827 14 12995 20 14530 8 14540 8 14861 6 15017 12 15059 4 15087 21 43081 8 17098 12 17101 9 18883 10 21380 6 23570 4 26818 11 27264 65 27422 5 27427 25 33791 9 34198 11 35146 16 35393 20 35885 10 37830 20 38666 6 38741 40 38767 17 39340 5 40118 20 40364 23 40857 16 41245 6 45388 97 53029 19 53349 12 53595 10
2526 9841 9 9324 8 9503 10 9318 22 9813 5
1737 6181 5
32750 47321 4
2142 8269 6
3058 10615 14
12865 23408 6 23460 4
1429 6261 8
2777 10029 4
1704 7307 15
1375 7349 62
8426 17051 10
23953 35815 9
1833 7451 4
13366 24073 7
7013 15527 12
22613 36258 4 36368 13 34731 4 34473 7 34210 10 36169 10
12639 23120 6
2020 8118 24 8021 15
3097 12941 7
4781 12918 6 20608 9
5061 20455 9
14745 25542 5
8355 16980 4
27130 40512 4
8412 17043 6 23019 4 47842 5
6380 14702 4
1895 7894 4 8709 38 12678 18 12817 4 20670 12 20866 12 21373 6 22668 6
825 9190 15 9700 17
1973 7925 4
2375 8950 4
17888 30379 4 32814 7 47997 9 32679 4 30606 26 30752 4 31056 10 32292 53 32474 26 32798 26 33409 11 46377 12 36268 13 41697 23 42300 8 46301 5 50508 19 52454 18
17193 30380 13 28314 7 32479 4 32801 14 32803 11 32845 46 47306 4
4738 12884 10 14140 16 14862 9 15239 8
12767 23283 10 23756 4
2139 8273 6 23796 4
2305 8689 5
2671 9737 10
3606 11540 7
6527 14867 6
21312 33811 7
38798 54068 5
2075 38829 5
3669 11606 6
15554 26657 13
2119 8217 5
21338 32746 6
2144 8272 5 8297 8 8350 12
2596 9597 10
2138 8258 12
2104 8266 17 8563 24 8964 6 9996 4 12060 43
4804 43466 4 17005 6 39670 11
3638 11577 5
12838 23351 5 23659 5
27140 40656 4 42446 6 40539 6 40537 29 40767 23 40800 14 41133 15 41162 5 41688 4 42094 4 42102 5 42924 7 43513 5 46135 5 46721 4 47127 19 47260 9 47916 4 48283 4 48601 9 49153 47 49213 10 49382 90 49898 10 51282 6 52207 7 53457 4 53574 58 53618 9
904 8398 15
3158 10776 5
11488 20616 4
20821 32217 4
24891 37867 4
2486 9327 7 9506 5 9472 6
2290 8644 10 23864 4
2957 10882 12 10938 60 12895 12 14350 78 15000 9 17571 14 26430 9 26700 24 26929 16 27246 14 32447 46 34926 48 37553 5 38309 6 39727 13 39961 7 47299 12 48388 30 50252 112
2783 10039 7
2236 8746 7
2794 10064 21
12050 21327 25 22886 5 21549 6 21547 25 22742 4 25411 9
1089 9024 5 9926 6
2439 9122 9
8256 16834 8 16815 6
6990 15480 7
13538 24293 4
23510 35306 4
2890 10249 13
15897 28644 11 33582 5
4601 12666 12
2483 9252 14
2517 9430 12
2813 10095 7 10097 10
20931 32366 4
421 9603 15
2717 9851 32
8756 18949 9
13021 23759 10
27618 49876 5 47541 10 43328 7 41531 5 47373 4 49434 5 41320 8 42111 7 42504 6 42614 11 43155 4 43192 11 43507 11 45336 15 45424 7 45474 18 46533 30 46782 7 47190 4 47214 5 47300 8 47430 4 47510 4 47788 4 47794 17 48197 10 48894 19 49214 5 49498 7 49648 89 49897 47 50104 8 50236 5 50277 6 50724 29 51404 6 51453 12 52217 6 52363 5 52476 5 52456 60 52563 4 53389 5 55131 15 55527 5
26063 39191 7
2161 9833 25
2750 10015 24
2885 10241 17
3164 10785 5 33917 34 43766 20
5092 24032 6 35726 165
14722 53648 4 43399 5 48602 5 50957 7 53960 7 55284 11 55521 8
4968 15405 4 19248 19 20688 6 21282 11 21552 17 23182 10 54585 8
6924 15414 25 15506 14 21053 17 21224 5 27184 10
11945 21171 9
2307 10207 6
11501 23837 14 22716 6 23447 9 26925 8
3682 11693 9 12083 5 11695 5 11967 5 11950 4 12031 15 12195 11 12244 6 12627 10
23998 35867 8
33710 48639 20
14775 39809 4 35377 5
3000 10488 4
1318 11940 5
4945 13101 5
2960 10395 42
21824 33297 4
28675 42738 5
21213 35983 5 46599 4 39592 6 49844 5 46408 10 46425 52 49402 26 49740 11
3198 10841 8
1802 10588 27 14399 4 15368 12 30955 85 32929 7 35755 33 39669 8
11861 21184 4 21098 13 21081 8 22684 10
6721 15156 8
456 10689 11
13386 24098 4
3142 10758 8
3204 10855 5
3205 10887 4
4951 14130 4
4222 12182 13
3749 11729 20 11860 14 12027 16 14304 7
3700 11744 10 11664 5 11660 10
6974 15472 12
10215 19241 6
12563 23821 60 23980 32
13361 24071 6
8485 17165 4
3372 11113 7
6641 15013 6
16112 27248 7
8030 16574 4
32576 47237 15
6250 14489 4
3714 11752 15 11815 28
10229 19255 11
4748 40413 4 32196 10
3257 11743 15 14317 6 18851 14 30535 17
3719 11757 14 14420 7
3798 11803 4
3587 11813 14
6405 14728 4
3160 11848 4 11864 4 14347 11 15148 6
3870 11867 11
3845 11849 34
1674 11857 8
15089 26013 5
3868 11868 11
3838 11903 8
3978 11999 14
3992 12004 4
3177 28339 7
1160 12119 7
13450 27674 4 24190 4 24217 7 25374 10 25446 6 25476 13 26402 24 26980 7 27436 5 27810 7 27962 4 28155 4 28183 8 28511 4
4390 27697 5 26409 18 26414 5 41275 16 43290 11
17846 39325 10
4044 12063 8
4135 12120 6
14914 25770 6
21117 32567 5
1233 12090 9
4066 12094 43
4081 12104 6
4122 12117 68 16660 7
39216 54661 5
4197 12161 10
15152 26093 7
22904 34533 6
414 12268 6
37350 54344 13
3121 12255 4 14493 11
3887 12312 4
4290 12382 14 12512 18
4398 12398 10
8612 17388 4
4448 12459 5
2676 12522 13
4330 12525 16
1261 12533 29 14855 4 14870 23 14889 4 14912 14 15449 58 15519 10 15547 12 16688 5
4207 12582 17 12675 13 12832 13 14555 7 14694 49 14745 16 15126 9 15512 22 20921 8 21181 19 21215 5 27365 16
2425 17552 8
11921 21148 6 21139 10
4530 12572 7
3882 12608 7
4474 12656 5
4619 12688 15
4127 12704 7 12873 71 17209 15 22744 14 34482 16 46464 74
3603 12829 6 13069 10 19016 7
3808 12771 13 14380 11 15021 9 22779 14 30437 4 33065 31
4216 12909 29 12893 48 12945 9 14744 4 14872 16
4760 12879 18
4768 12885 9
4788 12897 32
1443 12930 5
4437 12946 12
25801 39024 5 40233 4 38928 7 38932 4 39786 7 39873 11 39877 6 40613 6 41005 30 41103 4 41258 5 43596 5 44129 5 52704 6 53382 6 53578 9
4870 13051 6
4913 14486 16
5037 14283 7
4957 14132 5
4960 14141 5
927 14213 8
3871 14257 12 35689 5 37967 6 48416 10
1773 14301 7 53964 5
5066 14313 6
5167 14401 4
5097 14344 6
4803 14349 7 17790 13
30 14404 18
15835 26994 9
5227 14475 13 29058 5 30502 88 39739 7
278 14504 5
6635 15006 8
6328 14615 17 14646 7 15273 12 18850 8 25407 8
6503 14831 6
6545 14903 4
6437 14910 4 15432 9
6521 14921 28
19318 37715 6 31102 46 32676 8 33424 21 36308 41 43578 15
6643 15025 13
15625 28725 13 28458 66 29000 76 29029 13 32512 29 37666 27 38906 9 46545 6
10191 19366 4
3011 22954 5 22974 8 33541 4 36247 4 36252 5 37422 5 37924 16 38157 8 41277 7 46207 5 51400 17 52268 11 52702 13 54170 24 54424 4 54839 12
32075 49860 4
11553 20666 9
6857 15349 6
6872 15356 17
6873 15358 24
6598 15360 5 16769 4 20763 4 20870 4
5001 15371 7 15425 6 16725 5 20686 4 21451 8
12802 23319 5
6940 16583 7 20560 5
6445 15526 6 41703 23 47959 6
4090 16723 9 16766 13 28839 34 38908 5 40713 15 47084 27
12051 22685 7
8417 17256 17
20965 32376 4
4622 16641 8 23833 13
5239 16670 9 16741 6
8108 16662 9
8146 16711 25
8171 16738 5
16413 27512 5
8342 16955 9
8366 16992 12
8372 16997 4
8389 17011 4
5162 17035 6 47420 21 48318 4
11777 20987 4
10239 19268 6
8909 17806 6
12626 23100 10
8814 17692 7
22220 33737 25
37609 52321 6
11685 21312 11 20857 9 21249 4 21311 16 23020 5
6468 17389 5 32577 43
10028 18966 13
11544 20660 9
17119 28230 6
4475 17600 14
8925 17835 4 17834 6 18955 4
8929 17836 7
8858 18953 10 21270 12
8935 18981 9 19005 26 20743 6 34165 8
10045 18987 4
12654 23133 8
9957 18997 56 19197 7
10056 18998 9
10068 19007 25
8820 19026 5 19106 32 19217 15 19424 8 20902 6 22670 36 23680 23 23693 12 25923 30 30394 8 32463 18 32820 8 33279 8 34179 16 34916 4 35203 14 37895 8 39732 92 40408 10 41698 92 42925 22 43597 7 43685 7 47194 9 48930 7 53030 12 53449 71
26186 39378 6
33251 48022 4
10100 19056 11
22449 33960 4
2280 19082 17
10141 19132 13 22816 9 27649 54 27645 6 27844 8 31132 32 31125 8 35547 9
25505 38619 6
3085 19292 8
10250 19297 10
4715 19310 6
9985 27347 12 41203 5 52159 6
10301 19365 4
10311 19378 5
10315 19379 8
10332 19415 6
3866 19416 32 21028 11 30468 8
31027 45392 4
11397 20490 5
11398 20491 6
8303 20552 4
1469 20613 40 27441 4
11499 20625 7
23708 35568 4
409 20813 20
6985 20868 7
11720 20903 6 27161 26
6500 20904 6
11706 20905 4
903 20914 5 21101 4
5110 21009 14
21300 32720 4
2084 21277 11
17525 28723 4
1172 21520 6
8897 21562 11
12304 22677 16
12323 22698 4
15188 22681 8 22846 17
12415 22825 6
12280 22731 6 26703 4 26702 4
12375 22775 12
12379 22778 20
12585 23050 15
4545 23059 14 30247 45
12595 23061 5
8563 23119 16
12645 23124 6
16537 32991 5 27727 4 27773 11 27771 4 30615 5 30644 5 32941 6
12387 33016 4 23901 9 53640 6
12353 23169 10 23379 6 33120 23
4790 23315 4 36356 6
12036 23317 10 23656 4 24132 5 24204 7 26183 5 26814 21 26842 14 27266 20 27406 13 27647 13 27900 8 30467 50 30699 13 30742 8 32387 23 33709 12 35527 11 35947 4 35985 13 38742 5 46470 16 46860 6 47085 35 50902 34 52762 12 52779 9 52932 5 54106 29 55391 4
12616 23483 11
12972 23571 8
12999 23579 5
13005 23586 5
10257 23646 16 27927 8
13058 23683 7
13062 23699 14
13006 23990 7
12979 23818 20 24192 20 26249 6 37413 6 39028 10
10300 23832 33 24168 9 37431 9 54231 5
6889 23835 8 46442 10
13162 23862 4
13251 23985 16
12360 24036 6
13544 24298 10
13493 24225 10
13499 24256 7 26016 9 26523 57 34379 4 35355 16
14616 25383 9
22981 34621 5
6530 25323 15
19239 32926 5 32927 21
14611 25377 7
14613 25380 42
14625 25388 15
4600 25439 4
13404 25565 21
14964 25839 6
17671 28943 4
18972 30310 4
15602 26733 4 26732 6
37688 52449 10
17858 30292 6
24657 37585 4
15273 26277 9
14741 26401 9 26440 6 27660 6
12705 26431 6 26955 19
19686 31114 4
8296 26502 7 26526 10
12386 43376 4 41901 4 42996 8 43112 4 43971 11
14709 26524 23
13565 26536 14
15483 26580 6
21755 33232 6
8236 26663 4
15595 26720 6 32185 4
16120 27341 4
11805 26705 16 27055 11 27797 8 27813 5 27972 9
15261 26706 6
29094 43353 9 43456 37 43945 4 47032 10 48016 6 48269 37 55286 13
15813 26971 14
15301 33002 5 36165 7
13145 26950 10 30243 9
3647 26986 10 34278 7
14718 27024 5
18968 31141 8 33746 5 34628 4 34601 32 49017 4 37592 35 38902 11 39408 7 41201 5 41993 9 54827 4 46682 4 47446 11 47651 9 47734 6 48924 5 49384 19 49432 4 49739 61 53217 10 54695 4
14587 27213 11
24779 37744 4
16137 27268 18
16219 27360 6
13158 27367 12 27532 10 33467 7 33626 6
16259 27386 22
15799 27429 4
16306 27426 4
16329 27443 17
16501 27608 7
28587 42563 5
3254 27651 13 31105 18 34436 4
13306 27654 9
1392 27657 14 41726 10
11734 27663 8 30901 4
25049 38060 4 38172 11
16952 28052 32 32890 29 43246 5 48370 5 51576 32 53799 10
1748 28097 15
17030 28109 9
12760 28156 6 36167 8 38396 4
15856 28270 4 30701 10 34539 4 48864 11 49169 12 52689 8
16157 28463 7
17332 28471 11
13326 29021 4 32930 22 38408 5 40592 5 48322 7 48896 13 50698 11
17326 28466 19
23447 35908 4 50882 15
17636 29043 10
15023 29053 6
17601 28847 23 49749 15 50255 21
17609 28857 14
17507 29030 84 38189 15
17382 29051 4
18911 30217 8
12613 30240 8
16335 30392 13
19015 30398 12
16622 30428 4
26446 39689 7
16933 30405 18 30681 7 35723 89 47986 75
19064 30415 4
16103 30421 8
17772 30474 4 38883 8
19178 30494 8
251 30505 86
19209 30520 16
17186 30517 35 30895 9 42324 5
17620 30566 5 30580 19 31053 6 33614 7 38913 6 47001 23
19260 30596 6
6353 30604 6
19334 30696 13 30716 19
19347 30719 9
31422 45746 8
19526 30953 9
6607 30964 27
4138 30967 11
19562 30979 30
19594 31011 6
26252 48897 4 46605 5 46374 10 41705 21 49077 12 49440 4 51439 38 51507 20 54296 4
16951 31050 6 34891 7 34930 5 35089 5 35394 8 35511 50 36338 29 38037 8 38352 11 39053 15 39082 11 39134 7 40491 19 41854 40 42849 25 42872 6 42988 17 43504 44 43969 5 48719 6 48892 32 52353 4 53218 4
19696 31124 4
19561 32255 7
19742 32190 5 32254 4
17718 32274 18
20874 32275 13
19246 32288 19 34550 6
21394 33741 7
22813 34478 9 35782 13
15132 32484 9 33411 5 33616 97 34380 5
22975 34615 4
5151 32574 7
21134 32578 14
21138 32583 17 40300 6 47015 16
12815 32641 16 32652 6 34672 6
21365 32774 5
23466 35252 15
34656 49741 6
2510 32888 5 40073 13
14778 32809 19 33059 16 35249 35 42512 10 53596 6 54388 13 55413 4
26250 39464 7
21245 32842 6
8226 32849 12
15113 32852 4
21451 32866 10
21453 32868 8
21464 32877 7
21477 32886 6
21491 32905 32
21494 32909 24
8581 32940 6
1242 32946 5 50908 7
4832 46746 5
21466 33123 9
22212 33733 5
8753 33246 17
17083 33248 5
21773 33249 23
22028 33489 19
22024 33490 10 39320 7
11674 33621 6 42492 8
22122 33632 4
19699 33651 4
22166 33693 5
21330 33879 7 36351 7 39554 12 40855 16 52578 4
22040 33950 16
21912 34021 6
21851 34144 11
22605 34161 6 41777 13
13518 34274 6
21981 34293 21 34331 65
21467 34294 25
16782 46882 4
22855 34494 9
959 34548 6
23025 34737 5
23187 34935 13
23188 34938 15
22039 34939 9
22944 35034 6
25491 38612 4
23192 34987 11
8103 35084 8
23473 35257 7
23489 35277 47
23499 35295 6
23591 35401 5
23712 35576 11
23776 35660 4
23797 35682 29 35772 30
6327 35725 31 54845 6
23912 35781 5
4481 36134 10
24209 36133 5
26426 39671 4
24303 36250 20
16549 36265 8
24316 36267 8
24322 36273 33
24324 36277 7
8351 36303 6
23620 36358 5
32551 48623 4
5117 37425 107
24528 37464 6
15620 37492 18 38154 12 39653 27 39880 7 40707 34 40743 36 42941 36 49738 43
26500 39785 4 39941 6 40225 31 40307 35 40867 23 41695 70 43146 64 43573 27 46458 125 50272 47 52919 52
16355 37596 7
24801 37782 5
24900 37873 23
24902 37874 11 48911 4
10027 37935 5 38951 5 48287 11
24930 37910 5
25411 38528 4 47461 7 49347 8 49528 51 50150 4 50379 10 52788 34 53319 5 53886 20 55466 14
12030 37936 5
16714 38076 6 38058 16
17687 38166 17
15450 38169 13 48331 10
15766 38233 4
23890 38288 4
9943 38243 22
25241 38307 5
17451 38311 8
25257 38324 4
4937 38420 5
24523 38397 28
25344 38421 7
25358 38439 4
24901 38526 6
3521 38555 6
25567 38684 12
25295 38731 4
23345 38974 11
32031 46428 4
22536 38972 7 39872 8 39881 39 47466 4 49009 4 49166 5
25872 39010 10
25769 38993 11
25931 39061 13
25935 39066 6
6961 39067 4
25904 39093 30
26014 39135 5
26021 39140 33
26034 39156 8
26084 39215 10
26096 39237 7
12364 39333 32
79 39387 23
26174 39397 9 39407 10 40069 8 47724 28 48860 12
22660 39412 13
33563 48488 5
13229 39508 6
8315 39562 9
26361 39607 14
16555 39655 8
26415 39662 20
26448 39693 13
26373 39668 8
26472 39726 4
26487 39740 17
26568 39802 7
24603 39754 4 44156 16 46171 47
26718 39966 10
26709 39964 11
24804 40120 5
26852 40121 6
26859 40124 4
19204 40125 11
26948 40236 4
27030 40377 15
4853 40782 6
5012 40783 7
3804 40826 5
22319 42421 4
27312 40806 5
32373 46844 4
27432 41002 7
17887 41155 4
22868 41230 30 41284 137
27605 41262 16
21523 41472 6 48528 98 54555 8
26736 41710 14 43689 7
8616 41714 17
27942 41716 12
17080 41718 9
27958 41736 4
27967 41748 24
17817 41788 7
19495 41853 28 54584 67
28054 41855 18
25028 41863 19 48381 10 48523 4 49451 9
28088 41892 4
21278 41876 7 42278 8
28185 41989 5 54134 5
32528 47045 4
33274 50597 5 50747 4
27791 42299 30
28642 42664 31
25732 42871 5 46397 7 48231 8 53450 29
26467 42965 5 46549 22 48259 19 51206 23
28053 42949 26
28886 42992 8
27773 43148 52
17674 43219 9
28932 43365 11 43558 5 46755 6 46946 14 48414 58 49353 75
29229 43381 15
17804 43397 6 54565 6
29262 43512 7 43604 29
29398 43629 6
2433 44154 7
29800 44161 10
30994 45369 46
15180 45387 5
1350 45389 20
28600 45396 5
31041 45399 7
31124 45468 5 45544 5
33565 53281 6
26479 45809 8 48294 4
31285 45614 9
31289 45615 6
31292 45619 7
31448 45789 9
31542 45905 11
31552 45920 4
31565 45943 5
28559 45984 8
31561 45931 6 47162 65 47500 8
31460 46079 4 46996 7 47210 27 49889 4 50653 52 53350 6
24178 46170 28
26459 46194 11
1445 46164 72
14911 46167 25
17544 46260 8
32015 46406 19 46440 34 46562 13 47640 24 51454 12
32024 46419 4
32029 46427 25
32092 46489 4 52643 6 52706 4 52764 8 53952 12
32039 46433 11
22181 46435 39
22828 46498 16
13203 46465 36
8611 46544 10
24512 46595 28 52931 25
22046 46553 50
25797 46554 11 46715 9 47589 18
21962 46584 5
32369 46836 21
26516 46841 7
32134 46856 33
32389 46862 30
12805 46870 68 55017 4
26686 46876 7
23991 46855 20
23839 46857 18
32522 47038 13
32531 47054 7
12579 47074 6
32567 47086 5
32580 47110 10
32615 47138 5
29720 47164 21
32635 47167 33
27427 47193 5
31548 47241 4
21089 47252 8
32819 47419 21
24367 47528 14
32903 47535 4
33007 47660 9
13040 47733 22
28234 47736 13
33062 47738 15
10095 47827 8
33217 47963 6
3945 48220 93
4494 48226 15
24310 48252 17 49748 8
13175 48329 7
28092 48334 4
34605 49693 5
33089 48311 4 48761 8 48951 6 48981 11 49252 31
33393 48230 24
21524 48251 16 48533 8 51595 6 53239 5
33410 48257 8
33415 48262 43
19545 48268 13
33429 48272 10
31682 48525 5
17686 48554 26
33423 48772 36 52743 14
13039 48779 35 51444 18
13327 48788 7 50975 4
34492 49608 5
33855 48816 6 52747 22 53033 8
33962 48957 4
33933 48918 7
33930 48915 8
12012 49244 7
34097 49253 5 52649 4
18963 49379 10
34288 49387 48
26133 49421 6
34311 49407 70
34318 49411 73
33842 49429 5
33611 49428 4
34371 49465 10
34380 49469 4
34428 49526 84
34439 49533 16
26883 49548 4
26510 49570 9
26571 49652 34
6647 49679 4
34663 49745 31
34670 49752 21
33625 49762 5
34782 49902 12
8350 50218 12
19423 50271 37
29505 50297 4
19519 50454 47
36270 50668 6
36448 50912 6
14999 50965 13
22729 51289 15
38548 54400 4
2361 51437 75
33405 51438 61 54232 39
36932 51441 32
36933 51442 26
31806 51467 8
28672 51598 10
25560 51731 17
2135 51814 27
27508 51850 91
32206 51956 4
38607 53776 5 54180 7 54224 10 54257 18 54354 7 54638 4 54993 11
27668 52400 12
25557 52688 10
33148 52692 61 52693 48
25244 52717 24
37945 52753 9
32737 54435 14
36215 54452 4
28850 52910 24
38123 53013 9
20927 53338 6
37897 53306 4
1754 53430 10 54581 5
36136 53431 20
1860 53444 37
38825 54064 35 54689 4
38649 54084 17
24439 54219 25
34552 54236 21
34033 54263 4
21946 54316 5
16770 54255 7
17684 54291 7
39186 54483 8
29806 54544 31
21888 54547 39
26086 54560 11
39261 54564 4
4724 54567 13
39268 54575 4
38309 54639 16
22119 54964 12
34359 54986 97
22252 55002 7
14952 55134 11
23683 55303 6
21743 55417 8
31722 55454 46
41040 55463 18
24363 55483 6
